490
E 2001 3198 31750
2001\15\8.bmp
M 2001 3198 31750 2001 3198 31749
2001\15\7.bmp
M 2001 3198 31750 2001 3198 31748
2001\15\6.bmp
M 2001 3198 31750 2001 3198 31746
2001\15\3.bmp
M 2001 3198 31750 2001 3198 31745
2001\15\1.bmp
M 2001 3198 31750 2001 3201 31767
2001\18\7.bmp
M 2001 3198 31750 2001 3204 31785
2001\20\7.bmp
M 2001 3198 31750 2001 3199 31754
2001\16\5.bmp
M 2001 3198 31750 2001 3205 31788
2001\3\4.bmp
M 2001 3198 31750 2001 3202 31773
2001\19\7.bmp
M 2001 3198 31750 2001 3197 31741
2001\14\4.bmp
M 2001 3198 31750 2001 3193 31720
2001\10\8.bmp
M 2001 3198 31750 2001 3207 31802
2001\5\6.bmp
M 2001 3198 31750 2001 3206 31798
2001\4\8.bmp
M 2001 3198 31750 2001 3195 31727
2001\12\1.bmp
M 2001 3198 31750 2001 3200 31760
2001\17\5.bmp
M 2001 3198 31750 2001 3203 31780
2001\2\8.bmp
M 2001 3198 31750 2001 3210 31818
2001\8\2.bmp
M 2001 3198 31750 2001 3192 31709
2001\1\1.bmp
M 2001 3198 31750 2001 3194 31724
2001\11\6.bmp
M 2001 3198 31750 2001 3196 31738
2001\13\8.bmp
M 2001 3198 31750 2001 3209 31811
2001\7\2.bmp
M 2001 3198 31750 2001 3208 31809
2001\6\7.bmp
M 2001 3198 31750 2001 3211 31825
2001\9\5.bmp
E 2001 3198 31749
2001\15\7.bmp
M 2001 3198 31749 2001 3198 31748
2001\15\6.bmp
M 2001 3198 31749 2001 3198 31746
2001\15\3.bmp
M 2001 3198 31749 2001 3198 31745
2001\15\1.bmp
E 2001 3198 31748
2001\15\6.bmp
M 2001 3198 31748 2001 3198 31746
2001\15\3.bmp
M 2001 3198 31748 2001 3198 31745
2001\15\1.bmp
E 2001 3198 31746
2001\15\3.bmp
M 2001 3198 31746 2001 3198 31745
2001\15\1.bmp
E 2001 3198 31745
2001\15\1.bmp
E 2001 3201 31767
2001\18\7.bmp
M 2001 3201 31767 2001 3201 31765
2001\18\4.bmp
M 2001 3201 31767 2001 3201 31764
2001\18\3.bmp
M 2001 3201 31767 2001 3201 31768
2001\18\8.bmp
M 2001 3201 31767 2001 3201 31763
2001\18\2.bmp
M 2001 3201 31767 2001 3204 31785
2001\20\7.bmp
M 2001 3201 31767 2001 3199 31754
2001\16\5.bmp
M 2001 3201 31767 2001 3205 31788
2001\3\4.bmp
M 2001 3201 31767 2001 3202 31773
2001\19\7.bmp
M 2001 3201 31767 2001 3197 31741
2001\14\4.bmp
M 2001 3201 31767 2001 3193 31720
2001\10\8.bmp
M 2001 3201 31767 2001 3207 31802
2001\5\6.bmp
M 2001 3201 31767 2001 3206 31798
2001\4\8.bmp
M 2001 3201 31767 2001 3195 31727
2001\12\1.bmp
M 2001 3201 31767 2001 3200 31760
2001\17\5.bmp
M 2001 3201 31767 2001 3203 31780
2001\2\8.bmp
M 2001 3201 31767 2001 3210 31818
2001\8\2.bmp
M 2001 3201 31767 2001 3192 31709
2001\1\1.bmp
M 2001 3201 31767 2001 3194 31724
2001\11\6.bmp
M 2001 3201 31767 2001 3196 31738
2001\13\8.bmp
M 2001 3201 31767 2001 3209 31811
2001\7\2.bmp
M 2001 3201 31767 2001 3208 31809
2001\6\7.bmp
M 2001 3201 31767 2001 3211 31825
2001\9\5.bmp
E 2001 3201 31765
2001\18\4.bmp
M 2001 3201 31765 2001 3201 31764
2001\18\3.bmp
M 2001 3201 31765 2001 3201 31768
2001\18\8.bmp
M 2001 3201 31765 2001 3201 31763
2001\18\2.bmp
E 2001 3201 31764
2001\18\3.bmp
M 2001 3201 31764 2001 3201 31768
2001\18\8.bmp
M 2001 3201 31764 2001 3201 31763
2001\18\2.bmp
E 2001 3201 31768
2001\18\8.bmp
M 2001 3201 31768 2001 3201 31763
2001\18\2.bmp
E 2001 3201 31763
2001\18\2.bmp
E 2001 3204 31785
2001\20\7.bmp
M 2001 3204 31785 2001 3204 31784
2001\20\6.bmp
M 2001 3204 31785 2001 3204 31783
2001\20\5.bmp
M 2001 3204 31785 2001 3204 31781
2001\20\3.bmp
M 2001 3204 31785 2001 3204 31782
2001\20\4.bmp
M 2001 3204 31785 2001 3199 31754
2001\16\5.bmp
M 2001 3204 31785 2001 3205 31788
2001\3\4.bmp
M 2001 3204 31785 2001 3202 31773
2001\19\7.bmp
M 2001 3204 31785 2001 3197 31741
2001\14\4.bmp
M 2001 3204 31785 2001 3193 31720
2001\10\8.bmp
M 2001 3204 31785 2001 3207 31802
2001\5\6.bmp
M 2001 3204 31785 2001 3206 31798
2001\4\8.bmp
M 2001 3204 31785 2001 3195 31727
2001\12\1.bmp
M 2001 3204 31785 2001 3200 31760
2001\17\5.bmp
M 2001 3204 31785 2001 3203 31780
2001\2\8.bmp
M 2001 3204 31785 2001 3210 31818
2001\8\2.bmp
M 2001 3204 31785 2001 3192 31709
2001\1\1.bmp
M 2001 3204 31785 2001 3194 31724
2001\11\6.bmp
M 2001 3204 31785 2001 3196 31738
2001\13\8.bmp
M 2001 3204 31785 2001 3209 31811
2001\7\2.bmp
M 2001 3204 31785 2001 3208 31809
2001\6\7.bmp
M 2001 3204 31785 2001 3211 31825
2001\9\5.bmp
E 2001 3204 31784
2001\20\6.bmp
M 2001 3204 31784 2001 3204 31783
2001\20\5.bmp
M 2001 3204 31784 2001 3204 31781
2001\20\3.bmp
M 2001 3204 31784 2001 3204 31782
2001\20\4.bmp
E 2001 3204 31783
2001\20\5.bmp
M 2001 3204 31783 2001 3204 31781
2001\20\3.bmp
M 2001 3204 31783 2001 3204 31782
2001\20\4.bmp
E 2001 3204 31781
2001\20\3.bmp
M 2001 3204 31781 2001 3204 31782
2001\20\4.bmp
E 2001 3204 31782
2001\20\4.bmp
E 2001 3199 31754
2001\16\5.bmp
M 2001 3199 31754 2001 3199 31756
2001\16\8.bmp
M 2001 3199 31754 2001 3199 31752
2001\16\2.bmp
M 2001 3199 31754 2001 3199 31755
2001\16\7.bmp
M 2001 3199 31754 2001 3199 31751
2001\16\1.bmp
M 2001 3199 31754 2001 3205 31788
2001\3\4.bmp
M 2001 3199 31754 2001 3202 31773
2001\19\7.bmp
M 2001 3199 31754 2001 3197 31741
2001\14\4.bmp
M 2001 3199 31754 2001 3193 31720
2001\10\8.bmp
M 2001 3199 31754 2001 3207 31802
2001\5\6.bmp
M 2001 3199 31754 2001 3206 31798
2001\4\8.bmp
M 2001 3199 31754 2001 3195 31727
2001\12\1.bmp
M 2001 3199 31754 2001 3200 31760
2001\17\5.bmp
M 2001 3199 31754 2001 3203 31780
2001\2\8.bmp
M 2001 3199 31754 2001 3210 31818
2001\8\2.bmp
M 2001 3199 31754 2001 3192 31709
2001\1\1.bmp
M 2001 3199 31754 2001 3194 31724
2001\11\6.bmp
M 2001 3199 31754 2001 3196 31738
2001\13\8.bmp
M 2001 3199 31754 2001 3209 31811
2001\7\2.bmp
M 2001 3199 31754 2001 3208 31809
2001\6\7.bmp
M 2001 3199 31754 2001 3211 31825
2001\9\5.bmp
E 2001 3199 31756
2001\16\8.bmp
M 2001 3199 31756 2001 3199 31752
2001\16\2.bmp
M 2001 3199 31756 2001 3199 31755
2001\16\7.bmp
M 2001 3199 31756 2001 3199 31751
2001\16\1.bmp
E 2001 3199 31752
2001\16\2.bmp
M 2001 3199 31752 2001 3199 31755
2001\16\7.bmp
M 2001 3199 31752 2001 3199 31751
2001\16\1.bmp
E 2001 3199 31755
2001\16\7.bmp
M 2001 3199 31755 2001 3199 31751
2001\16\1.bmp
E 2001 3199 31751
2001\16\1.bmp
E 2001 3205 31788
2001\3\4.bmp
M 2001 3205 31788 2001 3205 31791
2001\3\7.bmp
M 2001 3205 31788 2001 3205 31787
2001\3\1.bmp
M 2001 3205 31788 2001 3205 31792
2001\3\8.bmp
M 2001 3205 31788 2001 3205 31789
2001\3\5.bmp
M 2001 3205 31788 2001 3202 31773
2001\19\7.bmp
M 2001 3205 31788 2001 3197 31741
2001\14\4.bmp
M 2001 3205 31788 2001 3193 31720
2001\10\8.bmp
M 2001 3205 31788 2001 3207 31802
2001\5\6.bmp
M 2001 3205 31788 2001 3206 31798
2001\4\8.bmp
M 2001 3205 31788 2001 3195 31727
2001\12\1.bmp
M 2001 3205 31788 2001 3200 31760
2001\17\5.bmp
M 2001 3205 31788 2001 3203 31780
2001\2\8.bmp
M 2001 3205 31788 2001 3210 31818
2001\8\2.bmp
M 2001 3205 31788 2001 3192 31709
2001\1\1.bmp
M 2001 3205 31788 2001 3194 31724
2001\11\6.bmp
M 2001 3205 31788 2001 3196 31738
2001\13\8.bmp
M 2001 3205 31788 2001 3209 31811
2001\7\2.bmp
M 2001 3205 31788 2001 3208 31809
2001\6\7.bmp
M 2001 3205 31788 2001 3211 31825
2001\9\5.bmp
E 2001 3205 31791
2001\3\7.bmp
M 2001 3205 31791 2001 3205 31787
2001\3\1.bmp
M 2001 3205 31791 2001 3205 31792
2001\3\8.bmp
M 2001 3205 31791 2001 3205 31789
2001\3\5.bmp
E 2001 3205 31787
2001\3\1.bmp
M 2001 3205 31787 2001 3205 31792
2001\3\8.bmp
M 2001 3205 31787 2001 3205 31789
2001\3\5.bmp
E 2001 3205 31792
2001\3\8.bmp
M 2001 3205 31792 2001 3205 31789
2001\3\5.bmp
E 2001 3205 31789
2001\3\5.bmp
E 2001 3202 31773
2001\19\7.bmp
M 2001 3202 31773 2001 3202 31770
2001\19\2.bmp
M 2001 3202 31773 2001 3202 31771
2001\19\5.bmp
M 2001 3202 31773 2001 3202 31769
2001\19\1.bmp
M 2001 3202 31773 2001 3202 31772
2001\19\6.bmp
M 2001 3202 31773 2001 3197 31741
2001\14\4.bmp
M 2001 3202 31773 2001 3193 31720
2001\10\8.bmp
M 2001 3202 31773 2001 3207 31802
2001\5\6.bmp
M 2001 3202 31773 2001 3206 31798
2001\4\8.bmp
M 2001 3202 31773 2001 3195 31727
2001\12\1.bmp
M 2001 3202 31773 2001 3200 31760
2001\17\5.bmp
M 2001 3202 31773 2001 3203 31780
2001\2\8.bmp
M 2001 3202 31773 2001 3210 31818
2001\8\2.bmp
M 2001 3202 31773 2001 3192 31709
2001\1\1.bmp
M 2001 3202 31773 2001 3194 31724
2001\11\6.bmp
M 2001 3202 31773 2001 3196 31738
2001\13\8.bmp
M 2001 3202 31773 2001 3209 31811
2001\7\2.bmp
M 2001 3202 31773 2001 3208 31809
2001\6\7.bmp
M 2001 3202 31773 2001 3211 31825
2001\9\5.bmp
E 2001 3202 31770
2001\19\2.bmp
M 2001 3202 31770 2001 3202 31771
2001\19\5.bmp
M 2001 3202 31770 2001 3202 31769
2001\19\1.bmp
M 2001 3202 31770 2001 3202 31772
2001\19\6.bmp
E 2001 3202 31771
2001\19\5.bmp
M 2001 3202 31771 2001 3202 31769
2001\19\1.bmp
M 2001 3202 31771 2001 3202 31772
2001\19\6.bmp
E 2001 3202 31769
2001\19\1.bmp
M 2001 3202 31769 2001 3202 31772
2001\19\6.bmp
E 2001 3202 31772
2001\19\6.bmp
E 2001 3197 31741
2001\14\4.bmp
M 2001 3197 31741 2001 3197 31740
2001\14\2.bmp
M 2001 3197 31741 2001 3197 31739
2001\14\1.bmp
M 2001 3197 31741 2001 3197 31744
2001\14\8.bmp
M 2001 3197 31741 2001 3197 31742
2001\14\5.bmp
M 2001 3197 31741 2001 3193 31720
2001\10\8.bmp
M 2001 3197 31741 2001 3207 31802
2001\5\6.bmp
M 2001 3197 31741 2001 3206 31798
2001\4\8.bmp
M 2001 3197 31741 2001 3195 31727
2001\12\1.bmp
M 2001 3197 31741 2001 3200 31760
2001\17\5.bmp
M 2001 3197 31741 2001 3203 31780
2001\2\8.bmp
M 2001 3197 31741 2001 3210 31818
2001\8\2.bmp
M 2001 3197 31741 2001 3192 31709
2001\1\1.bmp
M 2001 3197 31741 2001 3194 31724
2001\11\6.bmp
M 2001 3197 31741 2001 3196 31738
2001\13\8.bmp
M 2001 3197 31741 2001 3209 31811
2001\7\2.bmp
M 2001 3197 31741 2001 3208 31809
2001\6\7.bmp
M 2001 3197 31741 2001 3211 31825
2001\9\5.bmp
E 2001 3197 31740
2001\14\2.bmp
M 2001 3197 31740 2001 3197 31739
2001\14\1.bmp
M 2001 3197 31740 2001 3197 31744
2001\14\8.bmp
M 2001 3197 31740 2001 3197 31742
2001\14\5.bmp
E 2001 3197 31739
2001\14\1.bmp
M 2001 3197 31739 2001 3197 31744
2001\14\8.bmp
M 2001 3197 31739 2001 3197 31742
2001\14\5.bmp
E 2001 3197 31744
2001\14\8.bmp
M 2001 3197 31744 2001 3197 31742
2001\14\5.bmp
E 2001 3197 31742
2001\14\5.bmp
E 2001 3193 31720
2001\10\8.bmp
M 2001 3193 31720 2001 3193 31715
2001\10\1.bmp
M 2001 3193 31720 2001 3193 31717
2001\10\4.bmp
M 2001 3193 31720 2001 3193 31719
2001\10\6.bmp
M 2001 3193 31720 2001 3193 31718
2001\10\5.bmp
M 2001 3193 31720 2001 3207 31802
2001\5\6.bmp
M 2001 3193 31720 2001 3206 31798
2001\4\8.bmp
M 2001 3193 31720 2001 3195 31727
2001\12\1.bmp
M 2001 3193 31720 2001 3200 31760
2001\17\5.bmp
M 2001 3193 31720 2001 3203 31780
2001\2\8.bmp
M 2001 3193 31720 2001 3210 31818
2001\8\2.bmp
M 2001 3193 31720 2001 3192 31709
2001\1\1.bmp
M 2001 3193 31720 2001 3194 31724
2001\11\6.bmp
M 2001 3193 31720 2001 3196 31738
2001\13\8.bmp
M 2001 3193 31720 2001 3209 31811
2001\7\2.bmp
M 2001 3193 31720 2001 3208 31809
2001\6\7.bmp
M 2001 3193 31720 2001 3211 31825
2001\9\5.bmp
E 2001 3193 31715
2001\10\1.bmp
M 2001 3193 31715 2001 3193 31717
2001\10\4.bmp
M 2001 3193 31715 2001 3193 31719
2001\10\6.bmp
M 2001 3193 31715 2001 3193 31718
2001\10\5.bmp
E 2001 3193 31717
2001\10\4.bmp
M 2001 3193 31717 2001 3193 31719
2001\10\6.bmp
M 2001 3193 31717 2001 3193 31718
2001\10\5.bmp
E 2001 3193 31719
2001\10\6.bmp
M 2001 3193 31719 2001 3193 31718
2001\10\5.bmp
E 2001 3193 31718
2001\10\5.bmp
E 2001 3207 31802
2001\5\6.bmp
M 2001 3207 31802 2001 3207 31800
2001\5\3.bmp
M 2001 3207 31802 2001 3207 31804
2001\5\8.bmp
M 2001 3207 31802 2001 3207 31803
2001\5\7.bmp
M 2001 3207 31802 2001 3207 31801
2001\5\4.bmp
M 2001 3207 31802 2001 3206 31798
2001\4\8.bmp
M 2001 3207 31802 2001 3195 31727
2001\12\1.bmp
M 2001 3207 31802 2001 3200 31760
2001\17\5.bmp
M 2001 3207 31802 2001 3203 31780
2001\2\8.bmp
M 2001 3207 31802 2001 3210 31818
2001\8\2.bmp
M 2001 3207 31802 2001 3192 31709
2001\1\1.bmp
M 2001 3207 31802 2001 3194 31724
2001\11\6.bmp
M 2001 3207 31802 2001 3196 31738
2001\13\8.bmp
M 2001 3207 31802 2001 3209 31811
2001\7\2.bmp
M 2001 3207 31802 2001 3208 31809
2001\6\7.bmp
M 2001 3207 31802 2001 3211 31825
2001\9\5.bmp
E 2001 3207 31800
2001\5\3.bmp
M 2001 3207 31800 2001 3207 31804
2001\5\8.bmp
M 2001 3207 31800 2001 3207 31803
2001\5\7.bmp
M 2001 3207 31800 2001 3207 31801
2001\5\4.bmp
E 2001 3207 31804
2001\5\8.bmp
M 2001 3207 31804 2001 3207 31803
2001\5\7.bmp
M 2001 3207 31804 2001 3207 31801
2001\5\4.bmp
E 2001 3207 31803
2001\5\7.bmp
M 2001 3207 31803 2001 3207 31801
2001\5\4.bmp
E 2001 3207 31801
2001\5\4.bmp
E 2001 3206 31798
2001\4\8.bmp
M 2001 3206 31798 2001 3206 31795
2001\4\5.bmp
M 2001 3206 31798 2001 3206 31794
2001\4\4.bmp
M 2001 3206 31798 2001 3206 31793
2001\4\1.bmp
M 2001 3206 31798 2001 3206 31796
2001\4\6.bmp
M 2001 3206 31798 2001 3195 31727
2001\12\1.bmp
M 2001 3206 31798 2001 3200 31760
2001\17\5.bmp
M 2001 3206 31798 2001 3203 31780
2001\2\8.bmp
M 2001 3206 31798 2001 3210 31818
2001\8\2.bmp
M 2001 3206 31798 2001 3192 31709
2001\1\1.bmp
M 2001 3206 31798 2001 3194 31724
2001\11\6.bmp
M 2001 3206 31798 2001 3196 31738
2001\13\8.bmp
M 2001 3206 31798 2001 3209 31811
2001\7\2.bmp
M 2001 3206 31798 2001 3208 31809
2001\6\7.bmp
M 2001 3206 31798 2001 3211 31825
2001\9\5.bmp
E 2001 3206 31795
2001\4\5.bmp
M 2001 3206 31795 2001 3206 31794
2001\4\4.bmp
M 2001 3206 31795 2001 3206 31793
2001\4\1.bmp
M 2001 3206 31795 2001 3206 31796
2001\4\6.bmp
E 2001 3206 31794
2001\4\4.bmp
M 2001 3206 31794 2001 3206 31793
2001\4\1.bmp
M 2001 3206 31794 2001 3206 31796
2001\4\6.bmp
E 2001 3206 31793
2001\4\1.bmp
M 2001 3206 31793 2001 3206 31796
2001\4\6.bmp
E 2001 3206 31796
2001\4\6.bmp
E 2001 3195 31727
2001\12\1.bmp
M 2001 3195 31727 2001 3195 31731
2001\12\7.bmp
M 2001 3195 31727 2001 3195 31732
2001\12\8.bmp
M 2001 3195 31727 2001 3195 31729
2001\12\3.bmp
M 2001 3195 31727 2001 3195 31728
2001\12\2.bmp
M 2001 3195 31727 2001 3200 31760
2001\17\5.bmp
M 2001 3195 31727 2001 3203 31780
2001\2\8.bmp
M 2001 3195 31727 2001 3210 31818
2001\8\2.bmp
M 2001 3195 31727 2001 3192 31709
2001\1\1.bmp
M 2001 3195 31727 2001 3194 31724
2001\11\6.bmp
M 2001 3195 31727 2001 3196 31738
2001\13\8.bmp
M 2001 3195 31727 2001 3209 31811
2001\7\2.bmp
M 2001 3195 31727 2001 3208 31809
2001\6\7.bmp
M 2001 3195 31727 2001 3211 31825
2001\9\5.bmp
E 2001 3195 31731
2001\12\7.bmp
M 2001 3195 31731 2001 3195 31732
2001\12\8.bmp
M 2001 3195 31731 2001 3195 31729
2001\12\3.bmp
M 2001 3195 31731 2001 3195 31728
2001\12\2.bmp
E 2001 3195 31732
2001\12\8.bmp
M 2001 3195 31732 2001 3195 31729
2001\12\3.bmp
M 2001 3195 31732 2001 3195 31728
2001\12\2.bmp
E 2001 3195 31729
2001\12\3.bmp
M 2001 3195 31729 2001 3195 31728
2001\12\2.bmp
E 2001 3195 31728
2001\12\2.bmp
E 2001 3200 31760
2001\17\5.bmp
M 2001 3200 31760 2001 3200 31759
2001\17\4.bmp
M 2001 3200 31760 2001 3200 31761
2001\17\7.bmp
M 2001 3200 31760 2001 3200 31757
2001\17\1.bmp
M 2001 3200 31760 2001 3200 31758
2001\17\2.bmp
M 2001 3200 31760 2001 3203 31780
2001\2\8.bmp
M 2001 3200 31760 2001 3210 31818
2001\8\2.bmp
M 2001 3200 31760 2001 3192 31709
2001\1\1.bmp
M 2001 3200 31760 2001 3194 31724
2001\11\6.bmp
M 2001 3200 31760 2001 3196 31738
2001\13\8.bmp
M 2001 3200 31760 2001 3209 31811
2001\7\2.bmp
M 2001 3200 31760 2001 3208 31809
2001\6\7.bmp
M 2001 3200 31760 2001 3211 31825
2001\9\5.bmp
E 2001 3200 31759
2001\17\4.bmp
M 2001 3200 31759 2001 3200 31761
2001\17\7.bmp
M 2001 3200 31759 2001 3200 31757
2001\17\1.bmp
M 2001 3200 31759 2001 3200 31758
2001\17\2.bmp
E 2001 3200 31761
2001\17\7.bmp
M 2001 3200 31761 2001 3200 31757
2001\17\1.bmp
M 2001 3200 31761 2001 3200 31758
2001\17\2.bmp
E 2001 3200 31757
2001\17\1.bmp
M 2001 3200 31757 2001 3200 31758
2001\17\2.bmp
E 2001 3200 31758
2001\17\2.bmp
E 2001 3203 31780
2001\2\8.bmp
M 2001 3203 31780 2001 3203 31777
2001\2\5.bmp
M 2001 3203 31780 2001 3203 31779
2001\2\7.bmp
M 2001 3203 31780 2001 3203 31776
2001\2\4.bmp
M 2001 3203 31780 2001 3203 31775
2001\2\1.bmp
M 2001 3203 31780 2001 3210 31818
2001\8\2.bmp
M 2001 3203 31780 2001 3192 31709
2001\1\1.bmp
M 2001 3203 31780 2001 3194 31724
2001\11\6.bmp
M 2001 3203 31780 2001 3196 31738
2001\13\8.bmp
M 2001 3203 31780 2001 3209 31811
2001\7\2.bmp
M 2001 3203 31780 2001 3208 31809
2001\6\7.bmp
M 2001 3203 31780 2001 3211 31825
2001\9\5.bmp
E 2001 3203 31777
2001\2\5.bmp
M 2001 3203 31777 2001 3203 31779
2001\2\7.bmp
M 2001 3203 31777 2001 3203 31776
2001\2\4.bmp
M 2001 3203 31777 2001 3203 31775
2001\2\1.bmp
E 2001 3203 31779
2001\2\7.bmp
M 2001 3203 31779 2001 3203 31776
2001\2\4.bmp
M 2001 3203 31779 2001 3203 31775
2001\2\1.bmp
E 2001 3203 31776
2001\2\4.bmp
M 2001 3203 31776 2001 3203 31775
2001\2\1.bmp
E 2001 3203 31775
2001\2\1.bmp
E 2001 3210 31818
2001\8\2.bmp
M 2001 3210 31818 2001 3210 31817
2001\8\1.bmp
M 2001 3210 31818 2001 3210 31822
2001\8\8.bmp
M 2001 3210 31818 2001 3210 31821
2001\8\5.bmp
M 2001 3210 31818 2001 3210 31820
2001\8\4.bmp
M 2001 3210 31818 2001 3192 31709
2001\1\1.bmp
M 2001 3210 31818 2001 3194 31724
2001\11\6.bmp
M 2001 3210 31818 2001 3196 31738
2001\13\8.bmp
M 2001 3210 31818 2001 3209 31811
2001\7\2.bmp
M 2001 3210 31818 2001 3208 31809
2001\6\7.bmp
M 2001 3210 31818 2001 3211 31825
2001\9\5.bmp
E 2001 3210 31817
2001\8\1.bmp
M 2001 3210 31817 2001 3210 31822
2001\8\8.bmp
M 2001 3210 31817 2001 3210 31821
2001\8\5.bmp
M 2001 3210 31817 2001 3210 31820
2001\8\4.bmp
E 2001 3210 31822
2001\8\8.bmp
M 2001 3210 31822 2001 3210 31821
2001\8\5.bmp
M 2001 3210 31822 2001 3210 31820
2001\8\4.bmp
E 2001 3210 31821
2001\8\5.bmp
M 2001 3210 31821 2001 3210 31820
2001\8\4.bmp
E 2001 3210 31820
2001\8\4.bmp
E 2001 3192 31709
2001\1\1.bmp
M 2001 3192 31709 2001 3192 31711
2001\1\3.bmp
M 2001 3192 31709 2001 3192 31713
2001\1\6.bmp
M 2001 3192 31709 2001 3192 31714
2001\1\7.bmp
M 2001 3192 31709 2001 3192 31710
2001\1\2.bmp
M 2001 3192 31709 2001 3194 31724
2001\11\6.bmp
M 2001 3192 31709 2001 3196 31738
2001\13\8.bmp
M 2001 3192 31709 2001 3209 31811
2001\7\2.bmp
M 2001 3192 31709 2001 3208 31809
2001\6\7.bmp
M 2001 3192 31709 2001 3211 31825
2001\9\5.bmp
E 2001 3192 31711
2001\1\3.bmp
M 2001 3192 31711 2001 3192 31713
2001\1\6.bmp
M 2001 3192 31711 2001 3192 31714
2001\1\7.bmp
M 2001 3192 31711 2001 3192 31710
2001\1\2.bmp
E 2001 3192 31713
2001\1\6.bmp
M 2001 3192 31713 2001 3192 31714
2001\1\7.bmp
M 2001 3192 31713 2001 3192 31710
2001\1\2.bmp
E 2001 3192 31714
2001\1\7.bmp
M 2001 3192 31714 2001 3192 31710
2001\1\2.bmp
E 2001 3192 31710
2001\1\2.bmp
E 2001 3194 31724
2001\11\6.bmp
M 2001 3194 31724 2001 3194 31723
2001\11\5.bmp
M 2001 3194 31724 2001 3194 31725
2001\11\7.bmp
M 2001 3194 31724 2001 3194 31726
2001\11\8.bmp
M 2001 3194 31724 2001 3194 31722
2001\11\4.bmp
M 2001 3194 31724 2001 3196 31738
2001\13\8.bmp
M 2001 3194 31724 2001 3209 31811
2001\7\2.bmp
M 2001 3194 31724 2001 3208 31809
2001\6\7.bmp
M 2001 3194 31724 2001 3211 31825
2001\9\5.bmp
E 2001 3194 31723
2001\11\5.bmp
M 2001 3194 31723 2001 3194 31725
2001\11\7.bmp
M 2001 3194 31723 2001 3194 31726
2001\11\8.bmp
M 2001 3194 31723 2001 3194 31722
2001\11\4.bmp
E 2001 3194 31725
2001\11\7.bmp
M 2001 3194 31725 2001 3194 31726
2001\11\8.bmp
M 2001 3194 31725 2001 3194 31722
2001\11\4.bmp
E 2001 3194 31726
2001\11\8.bmp
M 2001 3194 31726 2001 3194 31722
2001\11\4.bmp
E 2001 3194 31722
2001\11\4.bmp
E 2001 3196 31738
2001\13\8.bmp
M 2001 3196 31738 2001 3196 31735
2001\13\3.bmp
M 2001 3196 31738 2001 3196 31734
2001\13\2.bmp
M 2001 3196 31738 2001 3196 31736
2001\13\5.bmp
M 2001 3196 31738 2001 3196 31733
2001\13\1.bmp
M 2001 3196 31738 2001 3209 31811
2001\7\2.bmp
M 2001 3196 31738 2001 3208 31809
2001\6\7.bmp
M 2001 3196 31738 2001 3211 31825
2001\9\5.bmp
E 2001 3196 31735
2001\13\3.bmp
M 2001 3196 31735 2001 3196 31734
2001\13\2.bmp
M 2001 3196 31735 2001 3196 31736
2001\13\5.bmp
M 2001 3196 31735 2001 3196 31733
2001\13\1.bmp
E 2001 3196 31734
2001\13\2.bmp
M 2001 3196 31734 2001 3196 31736
2001\13\5.bmp
M 2001 3196 31734 2001 3196 31733
2001\13\1.bmp
E 2001 3196 31736
2001\13\5.bmp
M 2001 3196 31736 2001 3196 31733
2001\13\1.bmp
E 2001 3196 31733
2001\13\1.bmp
E 2001 3209 31811
2001\7\2.bmp
M 2001 3209 31811 2001 3209 31816
2001\7\8.bmp
M 2001 3209 31811 2001 3209 31815
2001\7\7.bmp
M 2001 3209 31811 2001 3209 31813
2001\7\5.bmp
M 2001 3209 31811 2001 3209 31814
2001\7\6.bmp
M 2001 3209 31811 2001 3208 31809
2001\6\7.bmp
M 2001 3209 31811 2001 3211 31825
2001\9\5.bmp
E 2001 3209 31816
2001\7\8.bmp
M 2001 3209 31816 2001 3209 31815
2001\7\7.bmp
M 2001 3209 31816 2001 3209 31813
2001\7\5.bmp
M 2001 3209 31816 2001 3209 31814
2001\7\6.bmp
E 2001 3209 31815
2001\7\7.bmp
M 2001 3209 31815 2001 3209 31813
2001\7\5.bmp
M 2001 3209 31815 2001 3209 31814
2001\7\6.bmp
E 2001 3209 31813
2001\7\5.bmp
M 2001 3209 31813 2001 3209 31814
2001\7\6.bmp
E 2001 3209 31814
2001\7\6.bmp
E 2001 3208 31809
2001\6\7.bmp
M 2001 3208 31809 2001 3208 31810
2001\6\8.bmp
M 2001 3208 31809 2001 3208 31805
2001\6\1.bmp
M 2001 3208 31809 2001 3208 31808
2001\6\6.bmp
M 2001 3208 31809 2001 3208 31806
2001\6\2.bmp
M 2001 3208 31809 2001 3211 31825
2001\9\5.bmp
E 2001 3208 31810
2001\6\8.bmp
M 2001 3208 31810 2001 3208 31805
2001\6\1.bmp
M 2001 3208 31810 2001 3208 31808
2001\6\6.bmp
M 2001 3208 31810 2001 3208 31806
2001\6\2.bmp
E 2001 3208 31805
2001\6\1.bmp
M 2001 3208 31805 2001 3208 31808
2001\6\6.bmp
M 2001 3208 31805 2001 3208 31806
2001\6\2.bmp
E 2001 3208 31808
2001\6\6.bmp
M 2001 3208 31808 2001 3208 31806
2001\6\2.bmp
E 2001 3208 31806
2001\6\2.bmp
E 2001 3211 31825
2001\9\5.bmp
M 2001 3211 31825 2001 3211 31827
2001\9\7.bmp
M 2001 3211 31825 2001 3211 31823
2001\9\3.bmp
M 2001 3211 31825 2001 3211 31826
2001\9\6.bmp
M 2001 3211 31825 2001 3211 31828
2001\9\8.bmp
E 2001 3211 31827
2001\9\7.bmp
M 2001 3211 31827 2001 3211 31823
2001\9\3.bmp
M 2001 3211 31827 2001 3211 31826
2001\9\6.bmp
M 2001 3211 31827 2001 3211 31828
2001\9\8.bmp
E 2001 3211 31823
2001\9\3.bmp
M 2001 3211 31823 2001 3211 31826
2001\9\6.bmp
M 2001 3211 31823 2001 3211 31828
2001\9\8.bmp
E 2001 3211 31826
2001\9\6.bmp
M 2001 3211 31826 2001 3211 31828
2001\9\8.bmp
E 2001 3211 31828
2001\9\8.bmp
