391
E 2011 3377 32717
2011\7\4.bmp
M 2011 3377 32717 2011 3377 32715
2011\7\2.bmp
M 2011 3377 32717 2011 3377 32718
2011\7\5.bmp
M 2011 3377 32717 2011 3377 32716
2011\7\3.bmp
M 2011 3377 32717 2011 3377 32714
2011\7\1.bmp
M 2011 3377 32717 2011 3367 32665
2011\13\2.bmp
M 2011 3377 32717 2011 3379 32728
2011\9\5.bmp
M 2011 3377 32717 2011 3370 32681
2011\16\3.bmp
M 2011 3377 32717 2011 3375 32705
2011\5\2.bmp
M 2011 3377 32717 2011 3378 32723
2011\8\5.bmp
M 2011 3377 32717 2011 3376 32709
2011\6\1.bmp
M 2011 3377 32717 2011 3369 32675
2011\15\2.bmp
M 2011 3377 32717 2011 3372 32689
2011\2\1.bmp
M 2011 3377 32717 2011 3373 32694
2011\3\1.bmp
M 2011 3377 32717 2011 3366 32663
2011\12\5.bmp
M 2011 3377 32717 2011 3364 32652
2011\10\4.bmp
M 2011 3377 32717 2011 3371 32687
2011\17\4.bmp
M 2011 3377 32717 2011 3363 32647
2011\1\4.bmp
M 2011 3377 32717 2011 3365 32655
2011\11\2.bmp
M 2011 3377 32717 2011 3374 32699
2011\4\1.bmp
M 2011 3377 32717 2011 3368 32671
2011\14\3.bmp
E 2011 3377 32715
2011\7\2.bmp
M 2011 3377 32715 2011 3377 32718
2011\7\5.bmp
M 2011 3377 32715 2011 3377 32716
2011\7\3.bmp
M 2011 3377 32715 2011 3377 32714
2011\7\1.bmp
E 2011 3377 32718
2011\7\5.bmp
M 2011 3377 32718 2011 3377 32716
2011\7\3.bmp
M 2011 3377 32718 2011 3377 32714
2011\7\1.bmp
E 2011 3377 32716
2011\7\3.bmp
M 2011 3377 32716 2011 3377 32714
2011\7\1.bmp
E 2011 3377 32714
2011\7\1.bmp
E 2011 3367 32665
2011\13\2.bmp
M 2011 3367 32665 2011 3367 32664
2011\13\1.bmp
M 2011 3367 32665 2011 3367 32666
2011\13\3.bmp
M 2011 3367 32665 2011 3367 32668
2011\13\5.bmp
M 2011 3367 32665 2011 3367 32667
2011\13\4.bmp
M 2011 3367 32665 2011 3379 32728
2011\9\5.bmp
M 2011 3367 32665 2011 3370 32681
2011\16\3.bmp
M 2011 3367 32665 2011 3375 32705
2011\5\2.bmp
M 2011 3367 32665 2011 3378 32723
2011\8\5.bmp
M 2011 3367 32665 2011 3376 32709
2011\6\1.bmp
M 2011 3367 32665 2011 3369 32675
2011\15\2.bmp
M 2011 3367 32665 2011 3372 32689
2011\2\1.bmp
M 2011 3367 32665 2011 3373 32694
2011\3\1.bmp
M 2011 3367 32665 2011 3366 32663
2011\12\5.bmp
M 2011 3367 32665 2011 3364 32652
2011\10\4.bmp
M 2011 3367 32665 2011 3371 32687
2011\17\4.bmp
M 2011 3367 32665 2011 3363 32647
2011\1\4.bmp
M 2011 3367 32665 2011 3365 32655
2011\11\2.bmp
M 2011 3367 32665 2011 3374 32699
2011\4\1.bmp
M 2011 3367 32665 2011 3368 32671
2011\14\3.bmp
E 2011 3367 32664
2011\13\1.bmp
M 2011 3367 32664 2011 3367 32666
2011\13\3.bmp
M 2011 3367 32664 2011 3367 32668
2011\13\5.bmp
M 2011 3367 32664 2011 3367 32667
2011\13\4.bmp
E 2011 3367 32666
2011\13\3.bmp
M 2011 3367 32666 2011 3367 32668
2011\13\5.bmp
M 2011 3367 32666 2011 3367 32667
2011\13\4.bmp
E 2011 3367 32668
2011\13\5.bmp
M 2011 3367 32668 2011 3367 32667
2011\13\4.bmp
E 2011 3367 32667
2011\13\4.bmp
E 2011 3379 32728
2011\9\5.bmp
M 2011 3379 32728 2011 3379 32724
2011\9\1.bmp
M 2011 3379 32728 2011 3379 32726
2011\9\3.bmp
M 2011 3379 32728 2011 3379 32725
2011\9\2.bmp
M 2011 3379 32728 2011 3379 32727
2011\9\4.bmp
M 2011 3379 32728 2011 3370 32681
2011\16\3.bmp
M 2011 3379 32728 2011 3375 32705
2011\5\2.bmp
M 2011 3379 32728 2011 3378 32723
2011\8\5.bmp
M 2011 3379 32728 2011 3376 32709
2011\6\1.bmp
M 2011 3379 32728 2011 3369 32675
2011\15\2.bmp
M 2011 3379 32728 2011 3372 32689
2011\2\1.bmp
M 2011 3379 32728 2011 3373 32694
2011\3\1.bmp
M 2011 3379 32728 2011 3366 32663
2011\12\5.bmp
M 2011 3379 32728 2011 3364 32652
2011\10\4.bmp
M 2011 3379 32728 2011 3371 32687
2011\17\4.bmp
M 2011 3379 32728 2011 3363 32647
2011\1\4.bmp
M 2011 3379 32728 2011 3365 32655
2011\11\2.bmp
M 2011 3379 32728 2011 3374 32699
2011\4\1.bmp
M 2011 3379 32728 2011 3368 32671
2011\14\3.bmp
E 2011 3379 32724
2011\9\1.bmp
M 2011 3379 32724 2011 3379 32726
2011\9\3.bmp
M 2011 3379 32724 2011 3379 32725
2011\9\2.bmp
M 2011 3379 32724 2011 3379 32727
2011\9\4.bmp
E 2011 3379 32726
2011\9\3.bmp
M 2011 3379 32726 2011 3379 32725
2011\9\2.bmp
M 2011 3379 32726 2011 3379 32727
2011\9\4.bmp
E 2011 3379 32725
2011\9\2.bmp
M 2011 3379 32725 2011 3379 32727
2011\9\4.bmp
E 2011 3379 32727
2011\9\4.bmp
E 2011 3370 32681
2011\16\3.bmp
M 2011 3370 32681 2011 3370 32679
2011\16\1.bmp
M 2011 3370 32681 2011 3370 32682
2011\16\4.bmp
M 2011 3370 32681 2011 3370 32680
2011\16\2.bmp
M 2011 3370 32681 2011 3370 32683
2011\16\5.bmp
M 2011 3370 32681 2011 3375 32705
2011\5\2.bmp
M 2011 3370 32681 2011 3378 32723
2011\8\5.bmp
M 2011 3370 32681 2011 3376 32709
2011\6\1.bmp
M 2011 3370 32681 2011 3369 32675
2011\15\2.bmp
M 2011 3370 32681 2011 3372 32689
2011\2\1.bmp
M 2011 3370 32681 2011 3373 32694
2011\3\1.bmp
M 2011 3370 32681 2011 3366 32663
2011\12\5.bmp
M 2011 3370 32681 2011 3364 32652
2011\10\4.bmp
M 2011 3370 32681 2011 3371 32687
2011\17\4.bmp
M 2011 3370 32681 2011 3363 32647
2011\1\4.bmp
M 2011 3370 32681 2011 3365 32655
2011\11\2.bmp
M 2011 3370 32681 2011 3374 32699
2011\4\1.bmp
M 2011 3370 32681 2011 3368 32671
2011\14\3.bmp
E 2011 3370 32679
2011\16\1.bmp
M 2011 3370 32679 2011 3370 32682
2011\16\4.bmp
M 2011 3370 32679 2011 3370 32680
2011\16\2.bmp
M 2011 3370 32679 2011 3370 32683
2011\16\5.bmp
E 2011 3370 32682
2011\16\4.bmp
M 2011 3370 32682 2011 3370 32680
2011\16\2.bmp
M 2011 3370 32682 2011 3370 32683
2011\16\5.bmp
E 2011 3370 32680
2011\16\2.bmp
M 2011 3370 32680 2011 3370 32683
2011\16\5.bmp
E 2011 3370 32683
2011\16\5.bmp
E 2011 3375 32705
2011\5\2.bmp
M 2011 3375 32705 2011 3375 32708
2011\5\5.bmp
M 2011 3375 32705 2011 3375 32706
2011\5\3.bmp
M 2011 3375 32705 2011 3375 32707
2011\5\4.bmp
M 2011 3375 32705 2011 3375 32704
2011\5\1.bmp
M 2011 3375 32705 2011 3378 32723
2011\8\5.bmp
M 2011 3375 32705 2011 3376 32709
2011\6\1.bmp
M 2011 3375 32705 2011 3369 32675
2011\15\2.bmp
M 2011 3375 32705 2011 3372 32689
2011\2\1.bmp
M 2011 3375 32705 2011 3373 32694
2011\3\1.bmp
M 2011 3375 32705 2011 3366 32663
2011\12\5.bmp
M 2011 3375 32705 2011 3364 32652
2011\10\4.bmp
M 2011 3375 32705 2011 3371 32687
2011\17\4.bmp
M 2011 3375 32705 2011 3363 32647
2011\1\4.bmp
M 2011 3375 32705 2011 3365 32655
2011\11\2.bmp
M 2011 3375 32705 2011 3374 32699
2011\4\1.bmp
M 2011 3375 32705 2011 3368 32671
2011\14\3.bmp
E 2011 3375 32708
2011\5\5.bmp
M 2011 3375 32708 2011 3375 32706
2011\5\3.bmp
M 2011 3375 32708 2011 3375 32707
2011\5\4.bmp
M 2011 3375 32708 2011 3375 32704
2011\5\1.bmp
E 2011 3375 32706
2011\5\3.bmp
M 2011 3375 32706 2011 3375 32707
2011\5\4.bmp
M 2011 3375 32706 2011 3375 32704
2011\5\1.bmp
E 2011 3375 32707
2011\5\4.bmp
M 2011 3375 32707 2011 3375 32704
2011\5\1.bmp
E 2011 3375 32704
2011\5\1.bmp
E 2011 3378 32723
2011\8\5.bmp
M 2011 3378 32723 2011 3378 32721
2011\8\3.bmp
M 2011 3378 32723 2011 3378 32719
2011\8\1.bmp
M 2011 3378 32723 2011 3378 32722
2011\8\4.bmp
M 2011 3378 32723 2011 3378 32720
2011\8\2.bmp
M 2011 3378 32723 2011 3376 32709
2011\6\1.bmp
M 2011 3378 32723 2011 3369 32675
2011\15\2.bmp
M 2011 3378 32723 2011 3372 32689
2011\2\1.bmp
M 2011 3378 32723 2011 3373 32694
2011\3\1.bmp
M 2011 3378 32723 2011 3366 32663
2011\12\5.bmp
M 2011 3378 32723 2011 3364 32652
2011\10\4.bmp
M 2011 3378 32723 2011 3371 32687
2011\17\4.bmp
M 2011 3378 32723 2011 3363 32647
2011\1\4.bmp
M 2011 3378 32723 2011 3365 32655
2011\11\2.bmp
M 2011 3378 32723 2011 3374 32699
2011\4\1.bmp
M 2011 3378 32723 2011 3368 32671
2011\14\3.bmp
E 2011 3378 32721
2011\8\3.bmp
M 2011 3378 32721 2011 3378 32719
2011\8\1.bmp
M 2011 3378 32721 2011 3378 32722
2011\8\4.bmp
M 2011 3378 32721 2011 3378 32720
2011\8\2.bmp
E 2011 3378 32719
2011\8\1.bmp
M 2011 3378 32719 2011 3378 32722
2011\8\4.bmp
M 2011 3378 32719 2011 3378 32720
2011\8\2.bmp
E 2011 3378 32722
2011\8\4.bmp
M 2011 3378 32722 2011 3378 32720
2011\8\2.bmp
E 2011 3378 32720
2011\8\2.bmp
E 2011 3376 32709
2011\6\1.bmp
M 2011 3376 32709 2011 3376 32710
2011\6\2.bmp
M 2011 3376 32709 2011 3376 32712
2011\6\4.bmp
M 2011 3376 32709 2011 3376 32711
2011\6\3.bmp
M 2011 3376 32709 2011 3376 32713
2011\6\5.bmp
M 2011 3376 32709 2011 3369 32675
2011\15\2.bmp
M 2011 3376 32709 2011 3372 32689
2011\2\1.bmp
M 2011 3376 32709 2011 3373 32694
2011\3\1.bmp
M 2011 3376 32709 2011 3366 32663
2011\12\5.bmp
M 2011 3376 32709 2011 3364 32652
2011\10\4.bmp
M 2011 3376 32709 2011 3371 32687
2011\17\4.bmp
M 2011 3376 32709 2011 3363 32647
2011\1\4.bmp
M 2011 3376 32709 2011 3365 32655
2011\11\2.bmp
M 2011 3376 32709 2011 3374 32699
2011\4\1.bmp
M 2011 3376 32709 2011 3368 32671
2011\14\3.bmp
E 2011 3376 32710
2011\6\2.bmp
M 2011 3376 32710 2011 3376 32712
2011\6\4.bmp
M 2011 3376 32710 2011 3376 32711
2011\6\3.bmp
M 2011 3376 32710 2011 3376 32713
2011\6\5.bmp
E 2011 3376 32712
2011\6\4.bmp
M 2011 3376 32712 2011 3376 32711
2011\6\3.bmp
M 2011 3376 32712 2011 3376 32713
2011\6\5.bmp
E 2011 3376 32711
2011\6\3.bmp
M 2011 3376 32711 2011 3376 32713
2011\6\5.bmp
E 2011 3376 32713
2011\6\5.bmp
E 2011 3369 32675
2011\15\2.bmp
M 2011 3369 32675 2011 3369 32676
2011\15\3.bmp
M 2011 3369 32675 2011 3369 32678
2011\15\5.bmp
M 2011 3369 32675 2011 3369 32677
2011\15\4.bmp
M 2011 3369 32675 2011 3369 32674
2011\15\1.bmp
M 2011 3369 32675 2011 3372 32689
2011\2\1.bmp
M 2011 3369 32675 2011 3373 32694
2011\3\1.bmp
M 2011 3369 32675 2011 3366 32663
2011\12\5.bmp
M 2011 3369 32675 2011 3364 32652
2011\10\4.bmp
M 2011 3369 32675 2011 3371 32687
2011\17\4.bmp
M 2011 3369 32675 2011 3363 32647
2011\1\4.bmp
M 2011 3369 32675 2011 3365 32655
2011\11\2.bmp
M 2011 3369 32675 2011 3374 32699
2011\4\1.bmp
M 2011 3369 32675 2011 3368 32671
2011\14\3.bmp
E 2011 3369 32676
2011\15\3.bmp
M 2011 3369 32676 2011 3369 32678
2011\15\5.bmp
M 2011 3369 32676 2011 3369 32677
2011\15\4.bmp
M 2011 3369 32676 2011 3369 32674
2011\15\1.bmp
E 2011 3369 32678
2011\15\5.bmp
M 2011 3369 32678 2011 3369 32677
2011\15\4.bmp
M 2011 3369 32678 2011 3369 32674
2011\15\1.bmp
E 2011 3369 32677
2011\15\4.bmp
M 2011 3369 32677 2011 3369 32674
2011\15\1.bmp
E 2011 3369 32674
2011\15\1.bmp
E 2011 3372 32689
2011\2\1.bmp
M 2011 3372 32689 2011 3372 32692
2011\2\4.bmp
M 2011 3372 32689 2011 3372 32693
2011\2\5.bmp
M 2011 3372 32689 2011 3372 32691
2011\2\3.bmp
M 2011 3372 32689 2011 3372 32690
2011\2\2.bmp
M 2011 3372 32689 2011 3373 32694
2011\3\1.bmp
M 2011 3372 32689 2011 3366 32663
2011\12\5.bmp
M 2011 3372 32689 2011 3364 32652
2011\10\4.bmp
M 2011 3372 32689 2011 3371 32687
2011\17\4.bmp
M 2011 3372 32689 2011 3363 32647
2011\1\4.bmp
M 2011 3372 32689 2011 3365 32655
2011\11\2.bmp
M 2011 3372 32689 2011 3374 32699
2011\4\1.bmp
M 2011 3372 32689 2011 3368 32671
2011\14\3.bmp
E 2011 3372 32692
2011\2\4.bmp
M 2011 3372 32692 2011 3372 32693
2011\2\5.bmp
M 2011 3372 32692 2011 3372 32691
2011\2\3.bmp
M 2011 3372 32692 2011 3372 32690
2011\2\2.bmp
E 2011 3372 32693
2011\2\5.bmp
M 2011 3372 32693 2011 3372 32691
2011\2\3.bmp
M 2011 3372 32693 2011 3372 32690
2011\2\2.bmp
E 2011 3372 32691
2011\2\3.bmp
M 2011 3372 32691 2011 3372 32690
2011\2\2.bmp
E 2011 3372 32690
2011\2\2.bmp
E 2011 3373 32694
2011\3\1.bmp
M 2011 3373 32694 2011 3373 32696
2011\3\3.bmp
M 2011 3373 32694 2011 3373 32698
2011\3\5.bmp
M 2011 3373 32694 2011 3373 32695
2011\3\2.bmp
M 2011 3373 32694 2011 3373 32697
2011\3\4.bmp
M 2011 3373 32694 2011 3366 32663
2011\12\5.bmp
M 2011 3373 32694 2011 3364 32652
2011\10\4.bmp
M 2011 3373 32694 2011 3371 32687
2011\17\4.bmp
M 2011 3373 32694 2011 3363 32647
2011\1\4.bmp
M 2011 3373 32694 2011 3365 32655
2011\11\2.bmp
M 2011 3373 32694 2011 3374 32699
2011\4\1.bmp
M 2011 3373 32694 2011 3368 32671
2011\14\3.bmp
E 2011 3373 32696
2011\3\3.bmp
M 2011 3373 32696 2011 3373 32698
2011\3\5.bmp
M 2011 3373 32696 2011 3373 32695
2011\3\2.bmp
M 2011 3373 32696 2011 3373 32697
2011\3\4.bmp
E 2011 3373 32698
2011\3\5.bmp
M 2011 3373 32698 2011 3373 32695
2011\3\2.bmp
M 2011 3373 32698 2011 3373 32697
2011\3\4.bmp
E 2011 3373 32695
2011\3\2.bmp
M 2011 3373 32695 2011 3373 32697
2011\3\4.bmp
E 2011 3373 32697
2011\3\4.bmp
E 2011 3366 32663
2011\12\5.bmp
M 2011 3366 32663 2011 3366 32660
2011\12\2.bmp
M 2011 3366 32663 2011 3366 32661
2011\12\3.bmp
M 2011 3366 32663 2011 3366 32662
2011\12\4.bmp
M 2011 3366 32663 2011 3366 32659
2011\12\1.bmp
M 2011 3366 32663 2011 3364 32652
2011\10\4.bmp
M 2011 3366 32663 2011 3371 32687
2011\17\4.bmp
M 2011 3366 32663 2011 3363 32647
2011\1\4.bmp
M 2011 3366 32663 2011 3365 32655
2011\11\2.bmp
M 2011 3366 32663 2011 3374 32699
2011\4\1.bmp
M 2011 3366 32663 2011 3368 32671
2011\14\3.bmp
E 2011 3366 32660
2011\12\2.bmp
M 2011 3366 32660 2011 3366 32661
2011\12\3.bmp
M 2011 3366 32660 2011 3366 32662
2011\12\4.bmp
M 2011 3366 32660 2011 3366 32659
2011\12\1.bmp
E 2011 3366 32661
2011\12\3.bmp
M 2011 3366 32661 2011 3366 32662
2011\12\4.bmp
M 2011 3366 32661 2011 3366 32659
2011\12\1.bmp
E 2011 3366 32662
2011\12\4.bmp
M 2011 3366 32662 2011 3366 32659
2011\12\1.bmp
E 2011 3366 32659
2011\12\1.bmp
E 2011 3364 32652
2011\10\4.bmp
M 2011 3364 32652 2011 3364 32650
2011\10\2.bmp
M 2011 3364 32652 2011 3364 32649
2011\10\1.bmp
M 2011 3364 32652 2011 3364 32653
2011\10\5.bmp
M 2011 3364 32652 2011 3364 32651
2011\10\3.bmp
M 2011 3364 32652 2011 3371 32687
2011\17\4.bmp
M 2011 3364 32652 2011 3363 32647
2011\1\4.bmp
M 2011 3364 32652 2011 3365 32655
2011\11\2.bmp
M 2011 3364 32652 2011 3374 32699
2011\4\1.bmp
M 2011 3364 32652 2011 3368 32671
2011\14\3.bmp
E 2011 3364 32650
2011\10\2.bmp
M 2011 3364 32650 2011 3364 32649
2011\10\1.bmp
M 2011 3364 32650 2011 3364 32653
2011\10\5.bmp
M 2011 3364 32650 2011 3364 32651
2011\10\3.bmp
E 2011 3364 32649
2011\10\1.bmp
M 2011 3364 32649 2011 3364 32653
2011\10\5.bmp
M 2011 3364 32649 2011 3364 32651
2011\10\3.bmp
E 2011 3364 32653
2011\10\5.bmp
M 2011 3364 32653 2011 3364 32651
2011\10\3.bmp
E 2011 3364 32651
2011\10\3.bmp
E 2011 3371 32687
2011\17\4.bmp
M 2011 3371 32687 2011 3371 32684
2011\17\1.bmp
M 2011 3371 32687 2011 3371 32686
2011\17\3.bmp
M 2011 3371 32687 2011 3371 32685
2011\17\2.bmp
M 2011 3371 32687 2011 3371 32688
2011\17\5.bmp
M 2011 3371 32687 2011 3363 32647
2011\1\4.bmp
M 2011 3371 32687 2011 3365 32655
2011\11\2.bmp
M 2011 3371 32687 2011 3374 32699
2011\4\1.bmp
M 2011 3371 32687 2011 3368 32671
2011\14\3.bmp
E 2011 3371 32684
2011\17\1.bmp
M 2011 3371 32684 2011 3371 32686
2011\17\3.bmp
M 2011 3371 32684 2011 3371 32685
2011\17\2.bmp
M 2011 3371 32684 2011 3371 32688
2011\17\5.bmp
E 2011 3371 32686
2011\17\3.bmp
M 2011 3371 32686 2011 3371 32685
2011\17\2.bmp
M 2011 3371 32686 2011 3371 32688
2011\17\5.bmp
E 2011 3371 32685
2011\17\2.bmp
M 2011 3371 32685 2011 3371 32688
2011\17\5.bmp
E 2011 3371 32688
2011\17\5.bmp
E 2011 3363 32647
2011\1\4.bmp
M 2011 3363 32647 2011 3363 32645
2011\1\2.bmp
M 2011 3363 32647 2011 3363 32648
2011\1\5.bmp
M 2011 3363 32647 2011 3363 32644
2011\1\1.bmp
M 2011 3363 32647 2011 3363 32646
2011\1\3.bmp
M 2011 3363 32647 2011 3365 32655
2011\11\2.bmp
M 2011 3363 32647 2011 3374 32699
2011\4\1.bmp
M 2011 3363 32647 2011 3368 32671
2011\14\3.bmp
E 2011 3363 32645
2011\1\2.bmp
M 2011 3363 32645 2011 3363 32648
2011\1\5.bmp
M 2011 3363 32645 2011 3363 32644
2011\1\1.bmp
M 2011 3363 32645 2011 3363 32646
2011\1\3.bmp
E 2011 3363 32648
2011\1\5.bmp
M 2011 3363 32648 2011 3363 32644
2011\1\1.bmp
M 2011 3363 32648 2011 3363 32646
2011\1\3.bmp
E 2011 3363 32644
2011\1\1.bmp
M 2011 3363 32644 2011 3363 32646
2011\1\3.bmp
E 2011 3363 32646
2011\1\3.bmp
E 2011 3365 32655
2011\11\2.bmp
M 2011 3365 32655 2011 3365 32654
2011\11\1.bmp
M 2011 3365 32655 2011 3365 32657
2011\11\4.bmp
M 2011 3365 32655 2011 3365 32656
2011\11\3.bmp
M 2011 3365 32655 2011 3365 32658
2011\11\5.bmp
M 2011 3365 32655 2011 3374 32699
2011\4\1.bmp
M 2011 3365 32655 2011 3368 32671
2011\14\3.bmp
E 2011 3365 32654
2011\11\1.bmp
M 2011 3365 32654 2011 3365 32657
2011\11\4.bmp
M 2011 3365 32654 2011 3365 32656
2011\11\3.bmp
M 2011 3365 32654 2011 3365 32658
2011\11\5.bmp
E 2011 3365 32657
2011\11\4.bmp
M 2011 3365 32657 2011 3365 32656
2011\11\3.bmp
M 2011 3365 32657 2011 3365 32658
2011\11\5.bmp
E 2011 3365 32656
2011\11\3.bmp
M 2011 3365 32656 2011 3365 32658
2011\11\5.bmp
E 2011 3365 32658
2011\11\5.bmp
E 2011 3374 32699
2011\4\1.bmp
M 2011 3374 32699 2011 3374 32700
2011\4\2.bmp
M 2011 3374 32699 2011 3374 32701
2011\4\3.bmp
M 2011 3374 32699 2011 3374 32703
2011\4\5.bmp
M 2011 3374 32699 2011 3374 32702
2011\4\4.bmp
M 2011 3374 32699 2011 3368 32671
2011\14\3.bmp
E 2011 3374 32700
2011\4\2.bmp
M 2011 3374 32700 2011 3374 32701
2011\4\3.bmp
M 2011 3374 32700 2011 3374 32703
2011\4\5.bmp
M 2011 3374 32700 2011 3374 32702
2011\4\4.bmp
E 2011 3374 32701
2011\4\3.bmp
M 2011 3374 32701 2011 3374 32703
2011\4\5.bmp
M 2011 3374 32701 2011 3374 32702
2011\4\4.bmp
E 2011 3374 32703
2011\4\5.bmp
M 2011 3374 32703 2011 3374 32702
2011\4\4.bmp
E 2011 3374 32702
2011\4\4.bmp
E 2011 3368 32671
2011\14\3.bmp
M 2011 3368 32671 2011 3368 32669
2011\14\1.bmp
M 2011 3368 32671 2011 3368 32672
2011\14\4.bmp
M 2011 3368 32671 2011 3368 32670
2011\14\2.bmp
M 2011 3368 32671 2011 3368 32673
2011\14\5.bmp
E 2011 3368 32669
2011\14\1.bmp
M 2011 3368 32669 2011 3368 32672
2011\14\4.bmp
M 2011 3368 32669 2011 3368 32670
2011\14\2.bmp
M 2011 3368 32669 2011 3368 32673
2011\14\5.bmp
E 2011 3368 32672
2011\14\4.bmp
M 2011 3368 32672 2011 3368 32670
2011\14\2.bmp
M 2011 3368 32672 2011 3368 32673
2011\14\5.bmp
E 2011 3368 32670
2011\14\2.bmp
M 2011 3368 32670 2011 3368 32673
2011\14\5.bmp
E 2011 3368 32673
2011\14\5.bmp
