195
E 2006 3282 32240
2006\1\2.bmp
M 2006 3282 32240 2006 3282 32242
2006\1\4.bmp
M 2006 3282 32240 2006 3282 32241
2006\1\3.bmp
M 2006 3282 32240 2006 3282 32243
2006\1\5.bmp
M 2006 3282 32240 2006 3282 32239
2006\1\1.bmp
M 2006 3282 32240 2006 3283 32246
2006\10\3.bmp
M 2006 3282 32240 2006 3291 32288
2006\9\5.bmp
M 2006 3282 32240 2006 3287 32267
2006\5\4.bmp
M 2006 3282 32240 2006 3289 32277
2006\7\4.bmp
M 2006 3282 32240 2006 3288 32271
2006\6\3.bmp
M 2006 3282 32240 2006 3284 32252
2006\2\4.bmp
M 2006 3282 32240 2006 3286 32261
2006\4\3.bmp
M 2006 3282 32240 2006 3290 32281
2006\8\3.bmp
M 2006 3282 32240 2006 3285 32258
2006\3\5.bmp
E 2006 3282 32242
2006\1\4.bmp
M 2006 3282 32242 2006 3282 32241
2006\1\3.bmp
M 2006 3282 32242 2006 3282 32243
2006\1\5.bmp
M 2006 3282 32242 2006 3282 32239
2006\1\1.bmp
E 2006 3282 32241
2006\1\3.bmp
M 2006 3282 32241 2006 3282 32243
2006\1\5.bmp
M 2006 3282 32241 2006 3282 32239
2006\1\1.bmp
E 2006 3282 32243
2006\1\5.bmp
M 2006 3282 32243 2006 3282 32239
2006\1\1.bmp
E 2006 3282 32239
2006\1\1.bmp
E 2006 3283 32246
2006\10\3.bmp
M 2006 3283 32246 2006 3283 32248
2006\10\5.bmp
M 2006 3283 32246 2006 3283 32244
2006\10\1.bmp
M 2006 3283 32246 2006 3283 32247
2006\10\4.bmp
M 2006 3283 32246 2006 3283 32245
2006\10\2.bmp
M 2006 3283 32246 2006 3291 32288
2006\9\5.bmp
M 2006 3283 32246 2006 3287 32267
2006\5\4.bmp
M 2006 3283 32246 2006 3289 32277
2006\7\4.bmp
M 2006 3283 32246 2006 3288 32271
2006\6\3.bmp
M 2006 3283 32246 2006 3284 32252
2006\2\4.bmp
M 2006 3283 32246 2006 3286 32261
2006\4\3.bmp
M 2006 3283 32246 2006 3290 32281
2006\8\3.bmp
M 2006 3283 32246 2006 3285 32258
2006\3\5.bmp
E 2006 3283 32248
2006\10\5.bmp
M 2006 3283 32248 2006 3283 32244
2006\10\1.bmp
M 2006 3283 32248 2006 3283 32247
2006\10\4.bmp
M 2006 3283 32248 2006 3283 32245
2006\10\2.bmp
E 2006 3283 32244
2006\10\1.bmp
M 2006 3283 32244 2006 3283 32247
2006\10\4.bmp
M 2006 3283 32244 2006 3283 32245
2006\10\2.bmp
E 2006 3283 32247
2006\10\4.bmp
M 2006 3283 32247 2006 3283 32245
2006\10\2.bmp
E 2006 3283 32245
2006\10\2.bmp
E 2006 3291 32288
2006\9\5.bmp
M 2006 3291 32288 2006 3291 32287
2006\9\4.bmp
M 2006 3291 32288 2006 3291 32285
2006\9\2.bmp
M 2006 3291 32288 2006 3291 32286
2006\9\3.bmp
M 2006 3291 32288 2006 3291 32284
2006\9\1.bmp
M 2006 3291 32288 2006 3287 32267
2006\5\4.bmp
M 2006 3291 32288 2006 3289 32277
2006\7\4.bmp
M 2006 3291 32288 2006 3288 32271
2006\6\3.bmp
M 2006 3291 32288 2006 3284 32252
2006\2\4.bmp
M 2006 3291 32288 2006 3286 32261
2006\4\3.bmp
M 2006 3291 32288 2006 3290 32281
2006\8\3.bmp
M 2006 3291 32288 2006 3285 32258
2006\3\5.bmp
E 2006 3291 32287
2006\9\4.bmp
M 2006 3291 32287 2006 3291 32285
2006\9\2.bmp
M 2006 3291 32287 2006 3291 32286
2006\9\3.bmp
M 2006 3291 32287 2006 3291 32284
2006\9\1.bmp
E 2006 3291 32285
2006\9\2.bmp
M 2006 3291 32285 2006 3291 32286
2006\9\3.bmp
M 2006 3291 32285 2006 3291 32284
2006\9\1.bmp
E 2006 3291 32286
2006\9\3.bmp
M 2006 3291 32286 2006 3291 32284
2006\9\1.bmp
E 2006 3291 32284
2006\9\1.bmp
E 2006 3287 32267
2006\5\4.bmp
M 2006 3287 32267 2006 3287 32268
2006\5\5.bmp
M 2006 3287 32267 2006 3287 32265
2006\5\2.bmp
M 2006 3287 32267 2006 3287 32264
2006\5\1.bmp
M 2006 3287 32267 2006 3287 32266
2006\5\3.bmp
M 2006 3287 32267 2006 3289 32277
2006\7\4.bmp
M 2006 3287 32267 2006 3288 32271
2006\6\3.bmp
M 2006 3287 32267 2006 3284 32252
2006\2\4.bmp
M 2006 3287 32267 2006 3286 32261
2006\4\3.bmp
M 2006 3287 32267 2006 3290 32281
2006\8\3.bmp
M 2006 3287 32267 2006 3285 32258
2006\3\5.bmp
E 2006 3287 32268
2006\5\5.bmp
M 2006 3287 32268 2006 3287 32265
2006\5\2.bmp
M 2006 3287 32268 2006 3287 32264
2006\5\1.bmp
M 2006 3287 32268 2006 3287 32266
2006\5\3.bmp
E 2006 3287 32265
2006\5\2.bmp
M 2006 3287 32265 2006 3287 32264
2006\5\1.bmp
M 2006 3287 32265 2006 3287 32266
2006\5\3.bmp
E 2006 3287 32264
2006\5\1.bmp
M 2006 3287 32264 2006 3287 32266
2006\5\3.bmp
E 2006 3287 32266
2006\5\3.bmp
E 2006 3289 32277
2006\7\4.bmp
M 2006 3289 32277 2006 3289 32278
2006\7\5.bmp
M 2006 3289 32277 2006 3289 32275
2006\7\2.bmp
M 2006 3289 32277 2006 3289 32274
2006\7\1.bmp
M 2006 3289 32277 2006 3289 32276
2006\7\3.bmp
M 2006 3289 32277 2006 3288 32271
2006\6\3.bmp
M 2006 3289 32277 2006 3284 32252
2006\2\4.bmp
M 2006 3289 32277 2006 3286 32261
2006\4\3.bmp
M 2006 3289 32277 2006 3290 32281
2006\8\3.bmp
M 2006 3289 32277 2006 3285 32258
2006\3\5.bmp
E 2006 3289 32278
2006\7\5.bmp
M 2006 3289 32278 2006 3289 32275
2006\7\2.bmp
M 2006 3289 32278 2006 3289 32274
2006\7\1.bmp
M 2006 3289 32278 2006 3289 32276
2006\7\3.bmp
E 2006 3289 32275
2006\7\2.bmp
M 2006 3289 32275 2006 3289 32274
2006\7\1.bmp
M 2006 3289 32275 2006 3289 32276
2006\7\3.bmp
E 2006 3289 32274
2006\7\1.bmp
M 2006 3289 32274 2006 3289 32276
2006\7\3.bmp
E 2006 3289 32276
2006\7\3.bmp
E 2006 3288 32271
2006\6\3.bmp
M 2006 3288 32271 2006 3288 32269
2006\6\1.bmp
M 2006 3288 32271 2006 3288 32272
2006\6\4.bmp
M 2006 3288 32271 2006 3288 32270
2006\6\2.bmp
M 2006 3288 32271 2006 3288 32273
2006\6\5.bmp
M 2006 3288 32271 2006 3284 32252
2006\2\4.bmp
M 2006 3288 32271 2006 3286 32261
2006\4\3.bmp
M 2006 3288 32271 2006 3290 32281
2006\8\3.bmp
M 2006 3288 32271 2006 3285 32258
2006\3\5.bmp
E 2006 3288 32269
2006\6\1.bmp
M 2006 3288 32269 2006 3288 32272
2006\6\4.bmp
M 2006 3288 32269 2006 3288 32270
2006\6\2.bmp
M 2006 3288 32269 2006 3288 32273
2006\6\5.bmp
E 2006 3288 32272
2006\6\4.bmp
M 2006 3288 32272 2006 3288 32270
2006\6\2.bmp
M 2006 3288 32272 2006 3288 32273
2006\6\5.bmp
E 2006 3288 32270
2006\6\2.bmp
M 2006 3288 32270 2006 3288 32273
2006\6\5.bmp
E 2006 3288 32273
2006\6\5.bmp
E 2006 3284 32252
2006\2\4.bmp
M 2006 3284 32252 2006 3284 32251
2006\2\3.bmp
M 2006 3284 32252 2006 3284 32250
2006\2\2.bmp
M 2006 3284 32252 2006 3284 32253
2006\2\5.bmp
M 2006 3284 32252 2006 3284 32249
2006\2\1.bmp
M 2006 3284 32252 2006 3286 32261
2006\4\3.bmp
M 2006 3284 32252 2006 3290 32281
2006\8\3.bmp
M 2006 3284 32252 2006 3285 32258
2006\3\5.bmp
E 2006 3284 32251
2006\2\3.bmp
M 2006 3284 32251 2006 3284 32250
2006\2\2.bmp
M 2006 3284 32251 2006 3284 32253
2006\2\5.bmp
M 2006 3284 32251 2006 3284 32249
2006\2\1.bmp
E 2006 3284 32250
2006\2\2.bmp
M 2006 3284 32250 2006 3284 32253
2006\2\5.bmp
M 2006 3284 32250 2006 3284 32249
2006\2\1.bmp
E 2006 3284 32253
2006\2\5.bmp
M 2006 3284 32253 2006 3284 32249
2006\2\1.bmp
E 2006 3284 32249
2006\2\1.bmp
E 2006 3286 32261
2006\4\3.bmp
M 2006 3286 32261 2006 3286 32262
2006\4\4.bmp
M 2006 3286 32261 2006 3286 32263
2006\4\5.bmp
M 2006 3286 32261 2006 3286 32259
2006\4\1.bmp
M 2006 3286 32261 2006 3286 32260
2006\4\2.bmp
M 2006 3286 32261 2006 3290 32281
2006\8\3.bmp
M 2006 3286 32261 2006 3285 32258
2006\3\5.bmp
E 2006 3286 32262
2006\4\4.bmp
M 2006 3286 32262 2006 3286 32263
2006\4\5.bmp
M 2006 3286 32262 2006 3286 32259
2006\4\1.bmp
M 2006 3286 32262 2006 3286 32260
2006\4\2.bmp
E 2006 3286 32263
2006\4\5.bmp
M 2006 3286 32263 2006 3286 32259
2006\4\1.bmp
M 2006 3286 32263 2006 3286 32260
2006\4\2.bmp
E 2006 3286 32259
2006\4\1.bmp
M 2006 3286 32259 2006 3286 32260
2006\4\2.bmp
E 2006 3286 32260
2006\4\2.bmp
E 2006 3290 32281
2006\8\3.bmp
M 2006 3290 32281 2006 3290 32282
2006\8\4.bmp
M 2006 3290 32281 2006 3290 32283
2006\8\5.bmp
M 2006 3290 32281 2006 3290 32280
2006\8\2.bmp
M 2006 3290 32281 2006 3290 32279
2006\8\1.bmp
M 2006 3290 32281 2006 3285 32258
2006\3\5.bmp
E 2006 3290 32282
2006\8\4.bmp
M 2006 3290 32282 2006 3290 32283
2006\8\5.bmp
M 2006 3290 32282 2006 3290 32280
2006\8\2.bmp
M 2006 3290 32282 2006 3290 32279
2006\8\1.bmp
E 2006 3290 32283
2006\8\5.bmp
M 2006 3290 32283 2006 3290 32280
2006\8\2.bmp
M 2006 3290 32283 2006 3290 32279
2006\8\1.bmp
E 2006 3290 32280
2006\8\2.bmp
M 2006 3290 32280 2006 3290 32279
2006\8\1.bmp
E 2006 3290 32279
2006\8\1.bmp
E 2006 3285 32258
2006\3\5.bmp
M 2006 3285 32258 2006 3285 32257
2006\3\4.bmp
M 2006 3285 32258 2006 3285 32254
2006\3\1.bmp
M 2006 3285 32258 2006 3285 32255
2006\3\2.bmp
M 2006 3285 32258 2006 3285 32256
2006\3\3.bmp
E 2006 3285 32257
2006\3\4.bmp
M 2006 3285 32257 2006 3285 32254
2006\3\1.bmp
M 2006 3285 32257 2006 3285 32255
2006\3\2.bmp
M 2006 3285 32257 2006 3285 32256
2006\3\3.bmp
E 2006 3285 32254
2006\3\1.bmp
M 2006 3285 32254 2006 3285 32255
2006\3\2.bmp
M 2006 3285 32254 2006 3285 32256
2006\3\3.bmp
E 2006 3285 32255
2006\3\2.bmp
M 2006 3285 32255 2006 3285 32256
2006\3\3.bmp
E 2006 3285 32256
2006\3\3.bmp
