360
E 2009 3335 32505
2009\14\2.bmp
M 2009 3335 32505 2009 3335 32508
2009\14\5.bmp
M 2009 3335 32505 2009 3335 32507
2009\14\4.bmp
M 2009 3335 32505 2009 3335 32506
2009\14\3.bmp
M 2009 3335 32505 2009 3335 32504
2009\14\1.bmp
M 2009 3335 32505 2009 3337 32516
2009\16\3.bmp
M 2009 3335 32505 2009 3343 32547
2009\7\4.bmp
M 2009 3335 32505 2009 3331 32485
2009\10\2.bmp
M 2009 3335 32505 2009 3345 32556
2009\9\3.bmp
M 2009 3335 32505 2009 3341 32534
2009\5\1.bmp
M 2009 3335 32505 2009 3344 32550
2009\8\2.bmp
M 2009 3335 32505 2009 3340 32533
2009\4\5.bmp
M 2009 3335 32505 2009 3330 32479
2009\1\1.bmp
M 2009 3335 32505 2009 3339 32524
2009\3\1.bmp
M 2009 3335 32505 2009 3332 32489
2009\11\1.bmp
M 2009 3335 32505 2009 3336 32510
2009\15\2.bmp
M 2009 3335 32505 2009 3342 32539
2009\6\1.bmp
M 2009 3335 32505 2009 3333 32498
2009\12\5.bmp
M 2009 3335 32505 2009 3334 32499
2009\13\1.bmp
M 2009 3335 32505 2009 3338 32521
2009\2\3.bmp
E 2009 3335 32508
2009\14\5.bmp
M 2009 3335 32508 2009 3335 32507
2009\14\4.bmp
M 2009 3335 32508 2009 3335 32506
2009\14\3.bmp
M 2009 3335 32508 2009 3335 32504
2009\14\1.bmp
E 2009 3335 32507
2009\14\4.bmp
M 2009 3335 32507 2009 3335 32506
2009\14\3.bmp
M 2009 3335 32507 2009 3335 32504
2009\14\1.bmp
E 2009 3335 32506
2009\14\3.bmp
M 2009 3335 32506 2009 3335 32504
2009\14\1.bmp
E 2009 3335 32504
2009\14\1.bmp
E 2009 3337 32516
2009\16\3.bmp
M 2009 3337 32516 2009 3337 32514
2009\16\1.bmp
M 2009 3337 32516 2009 3337 32518
2009\16\5.bmp
M 2009 3337 32516 2009 3337 32515
2009\16\2.bmp
M 2009 3337 32516 2009 3337 32517
2009\16\4.bmp
M 2009 3337 32516 2009 3343 32547
2009\7\4.bmp
M 2009 3337 32516 2009 3331 32485
2009\10\2.bmp
M 2009 3337 32516 2009 3345 32556
2009\9\3.bmp
M 2009 3337 32516 2009 3341 32534
2009\5\1.bmp
M 2009 3337 32516 2009 3344 32550
2009\8\2.bmp
M 2009 3337 32516 2009 3340 32533
2009\4\5.bmp
M 2009 3337 32516 2009 3330 32479
2009\1\1.bmp
M 2009 3337 32516 2009 3339 32524
2009\3\1.bmp
M 2009 3337 32516 2009 3332 32489
2009\11\1.bmp
M 2009 3337 32516 2009 3336 32510
2009\15\2.bmp
M 2009 3337 32516 2009 3342 32539
2009\6\1.bmp
M 2009 3337 32516 2009 3333 32498
2009\12\5.bmp
M 2009 3337 32516 2009 3334 32499
2009\13\1.bmp
M 2009 3337 32516 2009 3338 32521
2009\2\3.bmp
E 2009 3337 32514
2009\16\1.bmp
M 2009 3337 32514 2009 3337 32518
2009\16\5.bmp
M 2009 3337 32514 2009 3337 32515
2009\16\2.bmp
M 2009 3337 32514 2009 3337 32517
2009\16\4.bmp
E 2009 3337 32518
2009\16\5.bmp
M 2009 3337 32518 2009 3337 32515
2009\16\2.bmp
M 2009 3337 32518 2009 3337 32517
2009\16\4.bmp
E 2009 3337 32515
2009\16\2.bmp
M 2009 3337 32515 2009 3337 32517
2009\16\4.bmp
E 2009 3337 32517
2009\16\4.bmp
E 2009 3343 32547
2009\7\4.bmp
M 2009 3343 32547 2009 3343 32546
2009\7\3.bmp
M 2009 3343 32547 2009 3343 32545
2009\7\2.bmp
M 2009 3343 32547 2009 3343 32548
2009\7\5.bmp
M 2009 3343 32547 2009 3343 32544
2009\7\1.bmp
M 2009 3343 32547 2009 3331 32485
2009\10\2.bmp
M 2009 3343 32547 2009 3345 32556
2009\9\3.bmp
M 2009 3343 32547 2009 3341 32534
2009\5\1.bmp
M 2009 3343 32547 2009 3344 32550
2009\8\2.bmp
M 2009 3343 32547 2009 3340 32533
2009\4\5.bmp
M 2009 3343 32547 2009 3330 32479
2009\1\1.bmp
M 2009 3343 32547 2009 3339 32524
2009\3\1.bmp
M 2009 3343 32547 2009 3332 32489
2009\11\1.bmp
M 2009 3343 32547 2009 3336 32510
2009\15\2.bmp
M 2009 3343 32547 2009 3342 32539
2009\6\1.bmp
M 2009 3343 32547 2009 3333 32498
2009\12\5.bmp
M 2009 3343 32547 2009 3334 32499
2009\13\1.bmp
M 2009 3343 32547 2009 3338 32521
2009\2\3.bmp
E 2009 3343 32546
2009\7\3.bmp
M 2009 3343 32546 2009 3343 32545
2009\7\2.bmp
M 2009 3343 32546 2009 3343 32548
2009\7\5.bmp
M 2009 3343 32546 2009 3343 32544
2009\7\1.bmp
E 2009 3343 32545
2009\7\2.bmp
M 2009 3343 32545 2009 3343 32548
2009\7\5.bmp
M 2009 3343 32545 2009 3343 32544
2009\7\1.bmp
E 2009 3343 32548
2009\7\5.bmp
M 2009 3343 32548 2009 3343 32544
2009\7\1.bmp
E 2009 3343 32544
2009\7\1.bmp
E 2009 3331 32485
2009\10\2.bmp
M 2009 3331 32485 2009 3331 32486
2009\10\3.bmp
M 2009 3331 32485 2009 3331 32488
2009\10\5.bmp
M 2009 3331 32485 2009 3331 32487
2009\10\4.bmp
M 2009 3331 32485 2009 3331 32484
2009\10\1.bmp
M 2009 3331 32485 2009 3345 32556
2009\9\3.bmp
M 2009 3331 32485 2009 3341 32534
2009\5\1.bmp
M 2009 3331 32485 2009 3344 32550
2009\8\2.bmp
M 2009 3331 32485 2009 3340 32533
2009\4\5.bmp
M 2009 3331 32485 2009 3330 32479
2009\1\1.bmp
M 2009 3331 32485 2009 3339 32524
2009\3\1.bmp
M 2009 3331 32485 2009 3332 32489
2009\11\1.bmp
M 2009 3331 32485 2009 3336 32510
2009\15\2.bmp
M 2009 3331 32485 2009 3342 32539
2009\6\1.bmp
M 2009 3331 32485 2009 3333 32498
2009\12\5.bmp
M 2009 3331 32485 2009 3334 32499
2009\13\1.bmp
M 2009 3331 32485 2009 3338 32521
2009\2\3.bmp
E 2009 3331 32486
2009\10\3.bmp
M 2009 3331 32486 2009 3331 32488
2009\10\5.bmp
M 2009 3331 32486 2009 3331 32487
2009\10\4.bmp
M 2009 3331 32486 2009 3331 32484
2009\10\1.bmp
E 2009 3331 32488
2009\10\5.bmp
M 2009 3331 32488 2009 3331 32487
2009\10\4.bmp
M 2009 3331 32488 2009 3331 32484
2009\10\1.bmp
E 2009 3331 32487
2009\10\4.bmp
M 2009 3331 32487 2009 3331 32484
2009\10\1.bmp
E 2009 3331 32484
2009\10\1.bmp
E 2009 3345 32556
2009\9\3.bmp
M 2009 3345 32556 2009 3345 32558
2009\9\5.bmp
M 2009 3345 32556 2009 3345 32555
2009\9\2.bmp
M 2009 3345 32556 2009 3345 32557
2009\9\4.bmp
M 2009 3345 32556 2009 3345 32554
2009\9\1.bmp
M 2009 3345 32556 2009 3341 32534
2009\5\1.bmp
M 2009 3345 32556 2009 3344 32550
2009\8\2.bmp
M 2009 3345 32556 2009 3340 32533
2009\4\5.bmp
M 2009 3345 32556 2009 3330 32479
2009\1\1.bmp
M 2009 3345 32556 2009 3339 32524
2009\3\1.bmp
M 2009 3345 32556 2009 3332 32489
2009\11\1.bmp
M 2009 3345 32556 2009 3336 32510
2009\15\2.bmp
M 2009 3345 32556 2009 3342 32539
2009\6\1.bmp
M 2009 3345 32556 2009 3333 32498
2009\12\5.bmp
M 2009 3345 32556 2009 3334 32499
2009\13\1.bmp
M 2009 3345 32556 2009 3338 32521
2009\2\3.bmp
E 2009 3345 32558
2009\9\5.bmp
M 2009 3345 32558 2009 3345 32555
2009\9\2.bmp
M 2009 3345 32558 2009 3345 32557
2009\9\4.bmp
M 2009 3345 32558 2009 3345 32554
2009\9\1.bmp
E 2009 3345 32555
2009\9\2.bmp
M 2009 3345 32555 2009 3345 32557
2009\9\4.bmp
M 2009 3345 32555 2009 3345 32554
2009\9\1.bmp
E 2009 3345 32557
2009\9\4.bmp
M 2009 3345 32557 2009 3345 32554
2009\9\1.bmp
E 2009 3345 32554
2009\9\1.bmp
E 2009 3341 32534
2009\5\1.bmp
M 2009 3341 32534 2009 3341 32535
2009\5\2.bmp
M 2009 3341 32534 2009 3341 32537
2009\5\4.bmp
M 2009 3341 32534 2009 3341 32536
2009\5\3.bmp
M 2009 3341 32534 2009 3341 32538
2009\5\5.bmp
M 2009 3341 32534 2009 3344 32550
2009\8\2.bmp
M 2009 3341 32534 2009 3340 32533
2009\4\5.bmp
M 2009 3341 32534 2009 3330 32479
2009\1\1.bmp
M 2009 3341 32534 2009 3339 32524
2009\3\1.bmp
M 2009 3341 32534 2009 3332 32489
2009\11\1.bmp
M 2009 3341 32534 2009 3336 32510
2009\15\2.bmp
M 2009 3341 32534 2009 3342 32539
2009\6\1.bmp
M 2009 3341 32534 2009 3333 32498
2009\12\5.bmp
M 2009 3341 32534 2009 3334 32499
2009\13\1.bmp
M 2009 3341 32534 2009 3338 32521
2009\2\3.bmp
E 2009 3341 32535
2009\5\2.bmp
M 2009 3341 32535 2009 3341 32537
2009\5\4.bmp
M 2009 3341 32535 2009 3341 32536
2009\5\3.bmp
M 2009 3341 32535 2009 3341 32538
2009\5\5.bmp
E 2009 3341 32537
2009\5\4.bmp
M 2009 3341 32537 2009 3341 32536
2009\5\3.bmp
M 2009 3341 32537 2009 3341 32538
2009\5\5.bmp
E 2009 3341 32536
2009\5\3.bmp
M 2009 3341 32536 2009 3341 32538
2009\5\5.bmp
E 2009 3341 32538
2009\5\5.bmp
E 2009 3344 32550
2009\8\2.bmp
M 2009 3344 32550 2009 3344 32552
2009\8\4.bmp
M 2009 3344 32550 2009 3344 32553
2009\8\5.bmp
M 2009 3344 32550 2009 3344 32551
2009\8\3.bmp
M 2009 3344 32550 2009 3344 32549
2009\8\1.bmp
M 2009 3344 32550 2009 3340 32533
2009\4\5.bmp
M 2009 3344 32550 2009 3330 32479
2009\1\1.bmp
M 2009 3344 32550 2009 3339 32524
2009\3\1.bmp
M 2009 3344 32550 2009 3332 32489
2009\11\1.bmp
M 2009 3344 32550 2009 3336 32510
2009\15\2.bmp
M 2009 3344 32550 2009 3342 32539
2009\6\1.bmp
M 2009 3344 32550 2009 3333 32498
2009\12\5.bmp
M 2009 3344 32550 2009 3334 32499
2009\13\1.bmp
M 2009 3344 32550 2009 3338 32521
2009\2\3.bmp
E 2009 3344 32552
2009\8\4.bmp
M 2009 3344 32552 2009 3344 32553
2009\8\5.bmp
M 2009 3344 32552 2009 3344 32551
2009\8\3.bmp
M 2009 3344 32552 2009 3344 32549
2009\8\1.bmp
E 2009 3344 32553
2009\8\5.bmp
M 2009 3344 32553 2009 3344 32551
2009\8\3.bmp
M 2009 3344 32553 2009 3344 32549
2009\8\1.bmp
E 2009 3344 32551
2009\8\3.bmp
M 2009 3344 32551 2009 3344 32549
2009\8\1.bmp
E 2009 3344 32549
2009\8\1.bmp
E 2009 3340 32533
2009\4\5.bmp
M 2009 3340 32533 2009 3340 32531
2009\4\3.bmp
M 2009 3340 32533 2009 3340 32529
2009\4\1.bmp
M 2009 3340 32533 2009 3340 32530
2009\4\2.bmp
M 2009 3340 32533 2009 3340 32532
2009\4\4.bmp
M 2009 3340 32533 2009 3330 32479
2009\1\1.bmp
M 2009 3340 32533 2009 3339 32524
2009\3\1.bmp
M 2009 3340 32533 2009 3332 32489
2009\11\1.bmp
M 2009 3340 32533 2009 3336 32510
2009\15\2.bmp
M 2009 3340 32533 2009 3342 32539
2009\6\1.bmp
M 2009 3340 32533 2009 3333 32498
2009\12\5.bmp
M 2009 3340 32533 2009 3334 32499
2009\13\1.bmp
M 2009 3340 32533 2009 3338 32521
2009\2\3.bmp
E 2009 3340 32531
2009\4\3.bmp
M 2009 3340 32531 2009 3340 32529
2009\4\1.bmp
M 2009 3340 32531 2009 3340 32530
2009\4\2.bmp
M 2009 3340 32531 2009 3340 32532
2009\4\4.bmp
E 2009 3340 32529
2009\4\1.bmp
M 2009 3340 32529 2009 3340 32530
2009\4\2.bmp
M 2009 3340 32529 2009 3340 32532
2009\4\4.bmp
E 2009 3340 32530
2009\4\2.bmp
M 2009 3340 32530 2009 3340 32532
2009\4\4.bmp
E 2009 3340 32532
2009\4\4.bmp
E 2009 3330 32479
2009\1\1.bmp
M 2009 3330 32479 2009 3330 32481
2009\1\3.bmp
M 2009 3330 32479 2009 3330 32482
2009\1\4.bmp
M 2009 3330 32479 2009 3330 32483
2009\1\5.bmp
M 2009 3330 32479 2009 3330 32480
2009\1\2.bmp
M 2009 3330 32479 2009 3339 32524
2009\3\1.bmp
M 2009 3330 32479 2009 3332 32489
2009\11\1.bmp
M 2009 3330 32479 2009 3336 32510
2009\15\2.bmp
M 2009 3330 32479 2009 3342 32539
2009\6\1.bmp
M 2009 3330 32479 2009 3333 32498
2009\12\5.bmp
M 2009 3330 32479 2009 3334 32499
2009\13\1.bmp
M 2009 3330 32479 2009 3338 32521
2009\2\3.bmp
E 2009 3330 32481
2009\1\3.bmp
M 2009 3330 32481 2009 3330 32482
2009\1\4.bmp
M 2009 3330 32481 2009 3330 32483
2009\1\5.bmp
M 2009 3330 32481 2009 3330 32480
2009\1\2.bmp
E 2009 3330 32482
2009\1\4.bmp
M 2009 3330 32482 2009 3330 32483
2009\1\5.bmp
M 2009 3330 32482 2009 3330 32480
2009\1\2.bmp
E 2009 3330 32483
2009\1\5.bmp
M 2009 3330 32483 2009 3330 32480
2009\1\2.bmp
E 2009 3330 32480
2009\1\2.bmp
E 2009 3339 32524
2009\3\1.bmp
M 2009 3339 32524 2009 3339 32526
2009\3\3.bmp
M 2009 3339 32524 2009 3339 32525
2009\3\2.bmp
M 2009 3339 32524 2009 3339 32528
2009\3\5.bmp
M 2009 3339 32524 2009 3339 32527
2009\3\4.bmp
M 2009 3339 32524 2009 3332 32489
2009\11\1.bmp
M 2009 3339 32524 2009 3336 32510
2009\15\2.bmp
M 2009 3339 32524 2009 3342 32539
2009\6\1.bmp
M 2009 3339 32524 2009 3333 32498
2009\12\5.bmp
M 2009 3339 32524 2009 3334 32499
2009\13\1.bmp
M 2009 3339 32524 2009 3338 32521
2009\2\3.bmp
E 2009 3339 32526
2009\3\3.bmp
M 2009 3339 32526 2009 3339 32525
2009\3\2.bmp
M 2009 3339 32526 2009 3339 32528
2009\3\5.bmp
M 2009 3339 32526 2009 3339 32527
2009\3\4.bmp
E 2009 3339 32525
2009\3\2.bmp
M 2009 3339 32525 2009 3339 32528
2009\3\5.bmp
M 2009 3339 32525 2009 3339 32527
2009\3\4.bmp
E 2009 3339 32528
2009\3\5.bmp
M 2009 3339 32528 2009 3339 32527
2009\3\4.bmp
E 2009 3339 32527
2009\3\4.bmp
E 2009 3332 32489
2009\11\1.bmp
M 2009 3332 32489 2009 3332 32491
2009\11\3.bmp
M 2009 3332 32489 2009 3332 32493
2009\11\5.bmp
M 2009 3332 32489 2009 3332 32490
2009\11\2.bmp
M 2009 3332 32489 2009 3332 32492
2009\11\4.bmp
M 2009 3332 32489 2009 3336 32510
2009\15\2.bmp
M 2009 3332 32489 2009 3342 32539
2009\6\1.bmp
M 2009 3332 32489 2009 3333 32498
2009\12\5.bmp
M 2009 3332 32489 2009 3334 32499
2009\13\1.bmp
M 2009 3332 32489 2009 3338 32521
2009\2\3.bmp
E 2009 3332 32491
2009\11\3.bmp
M 2009 3332 32491 2009 3332 32493
2009\11\5.bmp
M 2009 3332 32491 2009 3332 32490
2009\11\2.bmp
M 2009 3332 32491 2009 3332 32492
2009\11\4.bmp
E 2009 3332 32493
2009\11\5.bmp
M 2009 3332 32493 2009 3332 32490
2009\11\2.bmp
M 2009 3332 32493 2009 3332 32492
2009\11\4.bmp
E 2009 3332 32490
2009\11\2.bmp
M 2009 3332 32490 2009 3332 32492
2009\11\4.bmp
E 2009 3332 32492
2009\11\4.bmp
E 2009 3336 32510
2009\15\2.bmp
M 2009 3336 32510 2009 3336 32509
2009\15\1.bmp
M 2009 3336 32510 2009 3336 32513
2009\15\5.bmp
M 2009 3336 32510 2009 3336 32511
2009\15\3.bmp
M 2009 3336 32510 2009 3336 32512
2009\15\4.bmp
M 2009 3336 32510 2009 3342 32539
2009\6\1.bmp
M 2009 3336 32510 2009 3333 32498
2009\12\5.bmp
M 2009 3336 32510 2009 3334 32499
2009\13\1.bmp
M 2009 3336 32510 2009 3338 32521
2009\2\3.bmp
E 2009 3336 32509
2009\15\1.bmp
M 2009 3336 32509 2009 3336 32513
2009\15\5.bmp
M 2009 3336 32509 2009 3336 32511
2009\15\3.bmp
M 2009 3336 32509 2009 3336 32512
2009\15\4.bmp
E 2009 3336 32513
2009\15\5.bmp
M 2009 3336 32513 2009 3336 32511
2009\15\3.bmp
M 2009 3336 32513 2009 3336 32512
2009\15\4.bmp
E 2009 3336 32511
2009\15\3.bmp
M 2009 3336 32511 2009 3336 32512
2009\15\4.bmp
E 2009 3336 32512
2009\15\4.bmp
E 2009 3342 32539
2009\6\1.bmp
M 2009 3342 32539 2009 3342 32540
2009\6\2.bmp
M 2009 3342 32539 2009 3342 32543
2009\6\5.bmp
M 2009 3342 32539 2009 3342 32541
2009\6\3.bmp
M 2009 3342 32539 2009 3342 32542
2009\6\4.bmp
M 2009 3342 32539 2009 3333 32498
2009\12\5.bmp
M 2009 3342 32539 2009 3334 32499
2009\13\1.bmp
M 2009 3342 32539 2009 3338 32521
2009\2\3.bmp
E 2009 3342 32540
2009\6\2.bmp
M 2009 3342 32540 2009 3342 32543
2009\6\5.bmp
M 2009 3342 32540 2009 3342 32541
2009\6\3.bmp
M 2009 3342 32540 2009 3342 32542
2009\6\4.bmp
E 2009 3342 32543
2009\6\5.bmp
M 2009 3342 32543 2009 3342 32541
2009\6\3.bmp
M 2009 3342 32543 2009 3342 32542
2009\6\4.bmp
E 2009 3342 32541
2009\6\3.bmp
M 2009 3342 32541 2009 3342 32542
2009\6\4.bmp
E 2009 3342 32542
2009\6\4.bmp
E 2009 3333 32498
2009\12\5.bmp
M 2009 3333 32498 2009 3333 32497
2009\12\4.bmp
M 2009 3333 32498 2009 3333 32496
2009\12\3.bmp
M 2009 3333 32498 2009 3333 32494
2009\12\1.bmp
M 2009 3333 32498 2009 3333 32495
2009\12\2.bmp
M 2009 3333 32498 2009 3334 32499
2009\13\1.bmp
M 2009 3333 32498 2009 3338 32521
2009\2\3.bmp
E 2009 3333 32497
2009\12\4.bmp
M 2009 3333 32497 2009 3333 32496
2009\12\3.bmp
M 2009 3333 32497 2009 3333 32494
2009\12\1.bmp
M 2009 3333 32497 2009 3333 32495
2009\12\2.bmp
E 2009 3333 32496
2009\12\3.bmp
M 2009 3333 32496 2009 3333 32494
2009\12\1.bmp
M 2009 3333 32496 2009 3333 32495
2009\12\2.bmp
E 2009 3333 32494
2009\12\1.bmp
M 2009 3333 32494 2009 3333 32495
2009\12\2.bmp
E 2009 3333 32495
2009\12\2.bmp
E 2009 3334 32499
2009\13\1.bmp
M 2009 3334 32499 2009 3334 32501
2009\13\3.bmp
M 2009 3334 32499 2009 3334 32500
2009\13\2.bmp
M 2009 3334 32499 2009 3334 32502
2009\13\4.bmp
M 2009 3334 32499 2009 3334 32503
2009\13\5.bmp
M 2009 3334 32499 2009 3338 32521
2009\2\3.bmp
E 2009 3334 32501
2009\13\3.bmp
M 2009 3334 32501 2009 3334 32500
2009\13\2.bmp
M 2009 3334 32501 2009 3334 32502
2009\13\4.bmp
M 2009 3334 32501 2009 3334 32503
2009\13\5.bmp
E 2009 3334 32500
2009\13\2.bmp
M 2009 3334 32500 2009 3334 32502
2009\13\4.bmp
M 2009 3334 32500 2009 3334 32503
2009\13\5.bmp
E 2009 3334 32502
2009\13\4.bmp
M 2009 3334 32502 2009 3334 32503
2009\13\5.bmp
E 2009 3334 32503
2009\13\5.bmp
E 2009 3338 32521
2009\2\3.bmp
M 2009 3338 32521 2009 3338 32519
2009\2\1.bmp
M 2009 3338 32521 2009 3338 32520
2009\2\2.bmp
M 2009 3338 32521 2009 3338 32523
2009\2\5.bmp
M 2009 3338 32521 2009 3338 32522
2009\2\4.bmp
E 2009 3338 32519
2009\2\1.bmp
M 2009 3338 32519 2009 3338 32520
2009\2\2.bmp
M 2009 3338 32519 2009 3338 32523
2009\2\5.bmp
M 2009 3338 32519 2009 3338 32522
2009\2\4.bmp
E 2009 3338 32520
2009\2\2.bmp
M 2009 3338 32520 2009 3338 32523
2009\2\5.bmp
M 2009 3338 32520 2009 3338 32522
2009\2\4.bmp
E 2009 3338 32523
2009\2\5.bmp
M 2009 3338 32523 2009 3338 32522
2009\2\4.bmp
E 2009 3338 32522
2009\2\4.bmp
