423
E 2008 3329 32476
2008\9\3.bmp
M 2008 3329 32476 2008 3329 32478
2008\9\5.bmp
M 2008 3329 32476 2008 3329 32474
2008\9\1.bmp
M 2008 3329 32476 2008 3329 32475
2008\9\2.bmp
M 2008 3329 32476 2008 3329 32477
2008\9\4.bmp
M 2008 3329 32476 2008 3318 32420
2008\15\2.bmp
M 2008 3329 32476 2008 3314 32402
2008\11\4.bmp
M 2008 3329 32476 2008 3315 32406
2008\12\3.bmp
M 2008 3329 32476 2008 3313 32398
2008\10\5.bmp
M 2008 3329 32476 2008 3325 32457
2008\5\4.bmp
M 2008 3329 32476 2008 3316 32410
2008\13\2.bmp
M 2008 3329 32476 2008 3319 32425
2008\16\2.bmp
M 2008 3329 32476 2008 3320 32430
2008\17\2.bmp
M 2008 3329 32476 2008 3312 32390
2008\1\2.bmp
M 2008 3329 32476 2008 3321 32438
2008\18\5.bmp
M 2008 3329 32476 2008 3324 32450
2008\4\2.bmp
M 2008 3329 32476 2008 3322 32440
2008\2\2.bmp
M 2008 3329 32476 2008 3326 32463
2008\6\5.bmp
M 2008 3329 32476 2008 3323 32445
2008\3\2.bmp
M 2008 3329 32476 2008 3317 32417
2008\14\4.bmp
M 2008 3329 32476 2008 3327 32466
2008\7\3.bmp
M 2008 3329 32476 2008 3328 32470
2008\8\2.bmp
E 2008 3329 32478
2008\9\5.bmp
M 2008 3329 32478 2008 3329 32474
2008\9\1.bmp
M 2008 3329 32478 2008 3329 32475
2008\9\2.bmp
M 2008 3329 32478 2008 3329 32477
2008\9\4.bmp
E 2008 3329 32474
2008\9\1.bmp
M 2008 3329 32474 2008 3329 32475
2008\9\2.bmp
M 2008 3329 32474 2008 3329 32477
2008\9\4.bmp
E 2008 3329 32475
2008\9\2.bmp
M 2008 3329 32475 2008 3329 32477
2008\9\4.bmp
E 2008 3329 32477
2008\9\4.bmp
E 2008 3318 32420
2008\15\2.bmp
M 2008 3318 32420 2008 3318 32421
2008\15\3.bmp
M 2008 3318 32420 2008 3318 32419
2008\15\1.bmp
M 2008 3318 32420 2008 3318 32422
2008\15\4.bmp
M 2008 3318 32420 2008 3318 32423
2008\15\5.bmp
M 2008 3318 32420 2008 3314 32402
2008\11\4.bmp
M 2008 3318 32420 2008 3315 32406
2008\12\3.bmp
M 2008 3318 32420 2008 3313 32398
2008\10\5.bmp
M 2008 3318 32420 2008 3325 32457
2008\5\4.bmp
M 2008 3318 32420 2008 3316 32410
2008\13\2.bmp
M 2008 3318 32420 2008 3319 32425
2008\16\2.bmp
M 2008 3318 32420 2008 3320 32430
2008\17\2.bmp
M 2008 3318 32420 2008 3312 32390
2008\1\2.bmp
M 2008 3318 32420 2008 3321 32438
2008\18\5.bmp
M 2008 3318 32420 2008 3324 32450
2008\4\2.bmp
M 2008 3318 32420 2008 3322 32440
2008\2\2.bmp
M 2008 3318 32420 2008 3326 32463
2008\6\5.bmp
M 2008 3318 32420 2008 3323 32445
2008\3\2.bmp
M 2008 3318 32420 2008 3317 32417
2008\14\4.bmp
M 2008 3318 32420 2008 3327 32466
2008\7\3.bmp
M 2008 3318 32420 2008 3328 32470
2008\8\2.bmp
E 2008 3318 32421
2008\15\3.bmp
M 2008 3318 32421 2008 3318 32419
2008\15\1.bmp
M 2008 3318 32421 2008 3318 32422
2008\15\4.bmp
M 2008 3318 32421 2008 3318 32423
2008\15\5.bmp
E 2008 3318 32419
2008\15\1.bmp
M 2008 3318 32419 2008 3318 32422
2008\15\4.bmp
M 2008 3318 32419 2008 3318 32423
2008\15\5.bmp
E 2008 3318 32422
2008\15\4.bmp
M 2008 3318 32422 2008 3318 32423
2008\15\5.bmp
E 2008 3318 32423
2008\15\5.bmp
E 2008 3314 32402
2008\11\4.bmp
M 2008 3314 32402 2008 3314 32400
2008\11\2.bmp
M 2008 3314 32402 2008 3314 32401
2008\11\3.bmp
M 2008 3314 32402 2008 3314 32399
2008\11\1.bmp
M 2008 3314 32402 2008 3314 32403
2008\11\5.bmp
M 2008 3314 32402 2008 3315 32406
2008\12\3.bmp
M 2008 3314 32402 2008 3313 32398
2008\10\5.bmp
M 2008 3314 32402 2008 3325 32457
2008\5\4.bmp
M 2008 3314 32402 2008 3316 32410
2008\13\2.bmp
M 2008 3314 32402 2008 3319 32425
2008\16\2.bmp
M 2008 3314 32402 2008 3320 32430
2008\17\2.bmp
M 2008 3314 32402 2008 3312 32390
2008\1\2.bmp
M 2008 3314 32402 2008 3321 32438
2008\18\5.bmp
M 2008 3314 32402 2008 3324 32450
2008\4\2.bmp
M 2008 3314 32402 2008 3322 32440
2008\2\2.bmp
M 2008 3314 32402 2008 3326 32463
2008\6\5.bmp
M 2008 3314 32402 2008 3323 32445
2008\3\2.bmp
M 2008 3314 32402 2008 3317 32417
2008\14\4.bmp
M 2008 3314 32402 2008 3327 32466
2008\7\3.bmp
M 2008 3314 32402 2008 3328 32470
2008\8\2.bmp
E 2008 3314 32400
2008\11\2.bmp
M 2008 3314 32400 2008 3314 32401
2008\11\3.bmp
M 2008 3314 32400 2008 3314 32399
2008\11\1.bmp
M 2008 3314 32400 2008 3314 32403
2008\11\5.bmp
E 2008 3314 32401
2008\11\3.bmp
M 2008 3314 32401 2008 3314 32399
2008\11\1.bmp
M 2008 3314 32401 2008 3314 32403
2008\11\5.bmp
E 2008 3314 32399
2008\11\1.bmp
M 2008 3314 32399 2008 3314 32403
2008\11\5.bmp
E 2008 3314 32403
2008\11\5.bmp
E 2008 3315 32406
2008\12\3.bmp
M 2008 3315 32406 2008 3315 32404
2008\12\1.bmp
M 2008 3315 32406 2008 3315 32408
2008\12\5.bmp
M 2008 3315 32406 2008 3315 32407
2008\12\4.bmp
M 2008 3315 32406 2008 3315 32405
2008\12\2.bmp
M 2008 3315 32406 2008 3313 32398
2008\10\5.bmp
M 2008 3315 32406 2008 3325 32457
2008\5\4.bmp
M 2008 3315 32406 2008 3316 32410
2008\13\2.bmp
M 2008 3315 32406 2008 3319 32425
2008\16\2.bmp
M 2008 3315 32406 2008 3320 32430
2008\17\2.bmp
M 2008 3315 32406 2008 3312 32390
2008\1\2.bmp
M 2008 3315 32406 2008 3321 32438
2008\18\5.bmp
M 2008 3315 32406 2008 3324 32450
2008\4\2.bmp
M 2008 3315 32406 2008 3322 32440
2008\2\2.bmp
M 2008 3315 32406 2008 3326 32463
2008\6\5.bmp
M 2008 3315 32406 2008 3323 32445
2008\3\2.bmp
M 2008 3315 32406 2008 3317 32417
2008\14\4.bmp
M 2008 3315 32406 2008 3327 32466
2008\7\3.bmp
M 2008 3315 32406 2008 3328 32470
2008\8\2.bmp
E 2008 3315 32404
2008\12\1.bmp
M 2008 3315 32404 2008 3315 32408
2008\12\5.bmp
M 2008 3315 32404 2008 3315 32407
2008\12\4.bmp
M 2008 3315 32404 2008 3315 32405
2008\12\2.bmp
E 2008 3315 32408
2008\12\5.bmp
M 2008 3315 32408 2008 3315 32407
2008\12\4.bmp
M 2008 3315 32408 2008 3315 32405
2008\12\2.bmp
E 2008 3315 32407
2008\12\4.bmp
M 2008 3315 32407 2008 3315 32405
2008\12\2.bmp
E 2008 3315 32405
2008\12\2.bmp
E 2008 3313 32398
2008\10\5.bmp
M 2008 3313 32398 2008 3313 32396
2008\10\3.bmp
M 2008 3313 32398 2008 3313 32397
2008\10\4.bmp
M 2008 3313 32398 2008 3313 32395
2008\10\2.bmp
M 2008 3313 32398 2008 3313 32394
2008\10\1.bmp
M 2008 3313 32398 2008 3325 32457
2008\5\4.bmp
M 2008 3313 32398 2008 3316 32410
2008\13\2.bmp
M 2008 3313 32398 2008 3319 32425
2008\16\2.bmp
M 2008 3313 32398 2008 3320 32430
2008\17\2.bmp
M 2008 3313 32398 2008 3312 32390
2008\1\2.bmp
M 2008 3313 32398 2008 3321 32438
2008\18\5.bmp
M 2008 3313 32398 2008 3324 32450
2008\4\2.bmp
M 2008 3313 32398 2008 3322 32440
2008\2\2.bmp
M 2008 3313 32398 2008 3326 32463
2008\6\5.bmp
M 2008 3313 32398 2008 3323 32445
2008\3\2.bmp
M 2008 3313 32398 2008 3317 32417
2008\14\4.bmp
M 2008 3313 32398 2008 3327 32466
2008\7\3.bmp
M 2008 3313 32398 2008 3328 32470
2008\8\2.bmp
E 2008 3313 32396
2008\10\3.bmp
M 2008 3313 32396 2008 3313 32397
2008\10\4.bmp
M 2008 3313 32396 2008 3313 32395
2008\10\2.bmp
M 2008 3313 32396 2008 3313 32394
2008\10\1.bmp
E 2008 3313 32397
2008\10\4.bmp
M 2008 3313 32397 2008 3313 32395
2008\10\2.bmp
M 2008 3313 32397 2008 3313 32394
2008\10\1.bmp
E 2008 3313 32395
2008\10\2.bmp
M 2008 3313 32395 2008 3313 32394
2008\10\1.bmp
E 2008 3313 32394
2008\10\1.bmp
E 2008 3325 32457
2008\5\4.bmp
M 2008 3325 32457 2008 3325 32455
2008\5\2.bmp
M 2008 3325 32457 2008 3325 32458
2008\5\5.bmp
M 2008 3325 32457 2008 3325 32454
2008\5\1.bmp
M 2008 3325 32457 2008 3325 32456
2008\5\3.bmp
M 2008 3325 32457 2008 3316 32410
2008\13\2.bmp
M 2008 3325 32457 2008 3319 32425
2008\16\2.bmp
M 2008 3325 32457 2008 3320 32430
2008\17\2.bmp
M 2008 3325 32457 2008 3312 32390
2008\1\2.bmp
M 2008 3325 32457 2008 3321 32438
2008\18\5.bmp
M 2008 3325 32457 2008 3324 32450
2008\4\2.bmp
M 2008 3325 32457 2008 3322 32440
2008\2\2.bmp
M 2008 3325 32457 2008 3326 32463
2008\6\5.bmp
M 2008 3325 32457 2008 3323 32445
2008\3\2.bmp
M 2008 3325 32457 2008 3317 32417
2008\14\4.bmp
M 2008 3325 32457 2008 3327 32466
2008\7\3.bmp
M 2008 3325 32457 2008 3328 32470
2008\8\2.bmp
E 2008 3325 32455
2008\5\2.bmp
M 2008 3325 32455 2008 3325 32458
2008\5\5.bmp
M 2008 3325 32455 2008 3325 32454
2008\5\1.bmp
M 2008 3325 32455 2008 3325 32456
2008\5\3.bmp
E 2008 3325 32458
2008\5\5.bmp
M 2008 3325 32458 2008 3325 32454
2008\5\1.bmp
M 2008 3325 32458 2008 3325 32456
2008\5\3.bmp
E 2008 3325 32454
2008\5\1.bmp
M 2008 3325 32454 2008 3325 32456
2008\5\3.bmp
E 2008 3325 32456
2008\5\3.bmp
E 2008 3316 32410
2008\13\2.bmp
M 2008 3316 32410 2008 3316 32412
2008\13\4.bmp
M 2008 3316 32410 2008 3316 32409
2008\13\1.bmp
M 2008 3316 32410 2008 3316 32411
2008\13\3.bmp
M 2008 3316 32410 2008 3316 32413
2008\13\5.bmp
M 2008 3316 32410 2008 3319 32425
2008\16\2.bmp
M 2008 3316 32410 2008 3320 32430
2008\17\2.bmp
M 2008 3316 32410 2008 3312 32390
2008\1\2.bmp
M 2008 3316 32410 2008 3321 32438
2008\18\5.bmp
M 2008 3316 32410 2008 3324 32450
2008\4\2.bmp
M 2008 3316 32410 2008 3322 32440
2008\2\2.bmp
M 2008 3316 32410 2008 3326 32463
2008\6\5.bmp
M 2008 3316 32410 2008 3323 32445
2008\3\2.bmp
M 2008 3316 32410 2008 3317 32417
2008\14\4.bmp
M 2008 3316 32410 2008 3327 32466
2008\7\3.bmp
M 2008 3316 32410 2008 3328 32470
2008\8\2.bmp
E 2008 3316 32412
2008\13\4.bmp
M 2008 3316 32412 2008 3316 32409
2008\13\1.bmp
M 2008 3316 32412 2008 3316 32411
2008\13\3.bmp
M 2008 3316 32412 2008 3316 32413
2008\13\5.bmp
E 2008 3316 32409
2008\13\1.bmp
M 2008 3316 32409 2008 3316 32411
2008\13\3.bmp
M 2008 3316 32409 2008 3316 32413
2008\13\5.bmp
E 2008 3316 32411
2008\13\3.bmp
M 2008 3316 32411 2008 3316 32413
2008\13\5.bmp
E 2008 3316 32413
2008\13\5.bmp
E 2008 3319 32425
2008\16\2.bmp
M 2008 3319 32425 2008 3319 32427
2008\16\4.bmp
M 2008 3319 32425 2008 3319 32424
2008\16\1.bmp
M 2008 3319 32425 2008 3319 32426
2008\16\3.bmp
M 2008 3319 32425 2008 3319 32428
2008\16\5.bmp
M 2008 3319 32425 2008 3320 32430
2008\17\2.bmp
M 2008 3319 32425 2008 3312 32390
2008\1\2.bmp
M 2008 3319 32425 2008 3321 32438
2008\18\5.bmp
M 2008 3319 32425 2008 3324 32450
2008\4\2.bmp
M 2008 3319 32425 2008 3322 32440
2008\2\2.bmp
M 2008 3319 32425 2008 3326 32463
2008\6\5.bmp
M 2008 3319 32425 2008 3323 32445
2008\3\2.bmp
M 2008 3319 32425 2008 3317 32417
2008\14\4.bmp
M 2008 3319 32425 2008 3327 32466
2008\7\3.bmp
M 2008 3319 32425 2008 3328 32470
2008\8\2.bmp
E 2008 3319 32427
2008\16\4.bmp
M 2008 3319 32427 2008 3319 32424
2008\16\1.bmp
M 2008 3319 32427 2008 3319 32426
2008\16\3.bmp
M 2008 3319 32427 2008 3319 32428
2008\16\5.bmp
E 2008 3319 32424
2008\16\1.bmp
M 2008 3319 32424 2008 3319 32426
2008\16\3.bmp
M 2008 3319 32424 2008 3319 32428
2008\16\5.bmp
E 2008 3319 32426
2008\16\3.bmp
M 2008 3319 32426 2008 3319 32428
2008\16\5.bmp
E 2008 3319 32428
2008\16\5.bmp
E 2008 3320 32430
2008\17\2.bmp
M 2008 3320 32430 2008 3320 32432
2008\17\4.bmp
M 2008 3320 32430 2008 3320 32433
2008\17\5.bmp
M 2008 3320 32430 2008 3320 32431
2008\17\3.bmp
M 2008 3320 32430 2008 3320 32429
2008\17\1.bmp
M 2008 3320 32430 2008 3312 32390
2008\1\2.bmp
M 2008 3320 32430 2008 3321 32438
2008\18\5.bmp
M 2008 3320 32430 2008 3324 32450
2008\4\2.bmp
M 2008 3320 32430 2008 3322 32440
2008\2\2.bmp
M 2008 3320 32430 2008 3326 32463
2008\6\5.bmp
M 2008 3320 32430 2008 3323 32445
2008\3\2.bmp
M 2008 3320 32430 2008 3317 32417
2008\14\4.bmp
M 2008 3320 32430 2008 3327 32466
2008\7\3.bmp
M 2008 3320 32430 2008 3328 32470
2008\8\2.bmp
E 2008 3320 32432
2008\17\4.bmp
M 2008 3320 32432 2008 3320 32433
2008\17\5.bmp
M 2008 3320 32432 2008 3320 32431
2008\17\3.bmp
M 2008 3320 32432 2008 3320 32429
2008\17\1.bmp
E 2008 3320 32433
2008\17\5.bmp
M 2008 3320 32433 2008 3320 32431
2008\17\3.bmp
M 2008 3320 32433 2008 3320 32429
2008\17\1.bmp
E 2008 3320 32431
2008\17\3.bmp
M 2008 3320 32431 2008 3320 32429
2008\17\1.bmp
E 2008 3320 32429
2008\17\1.bmp
E 2008 3312 32390
2008\1\2.bmp
M 2008 3312 32390 2008 3312 32389
2008\1\1.bmp
M 2008 3312 32390 2008 3312 32393
2008\1\5.bmp
M 2008 3312 32390 2008 3312 32391
2008\1\3.bmp
M 2008 3312 32390 2008 3312 32392
2008\1\4.bmp
M 2008 3312 32390 2008 3321 32438
2008\18\5.bmp
M 2008 3312 32390 2008 3324 32450
2008\4\2.bmp
M 2008 3312 32390 2008 3322 32440
2008\2\2.bmp
M 2008 3312 32390 2008 3326 32463
2008\6\5.bmp
M 2008 3312 32390 2008 3323 32445
2008\3\2.bmp
M 2008 3312 32390 2008 3317 32417
2008\14\4.bmp
M 2008 3312 32390 2008 3327 32466
2008\7\3.bmp
M 2008 3312 32390 2008 3328 32470
2008\8\2.bmp
E 2008 3312 32389
2008\1\1.bmp
M 2008 3312 32389 2008 3312 32393
2008\1\5.bmp
M 2008 3312 32389 2008 3312 32391
2008\1\3.bmp
M 2008 3312 32389 2008 3312 32392
2008\1\4.bmp
E 2008 3312 32393
2008\1\5.bmp
M 2008 3312 32393 2008 3312 32391
2008\1\3.bmp
M 2008 3312 32393 2008 3312 32392
2008\1\4.bmp
E 2008 3312 32391
2008\1\3.bmp
M 2008 3312 32391 2008 3312 32392
2008\1\4.bmp
E 2008 3312 32392
2008\1\4.bmp
E 2008 3321 32438
2008\18\5.bmp
M 2008 3321 32438 2008 3321 32436
2008\18\3.bmp
M 2008 3321 32438 2008 3321 32437
2008\18\4.bmp
M 2008 3321 32438 2008 3321 32435
2008\18\2.bmp
M 2008 3321 32438 2008 3321 32434
2008\18\1.bmp
M 2008 3321 32438 2008 3324 32450
2008\4\2.bmp
M 2008 3321 32438 2008 3322 32440
2008\2\2.bmp
M 2008 3321 32438 2008 3326 32463
2008\6\5.bmp
M 2008 3321 32438 2008 3323 32445
2008\3\2.bmp
M 2008 3321 32438 2008 3317 32417
2008\14\4.bmp
M 2008 3321 32438 2008 3327 32466
2008\7\3.bmp
M 2008 3321 32438 2008 3328 32470
2008\8\2.bmp
E 2008 3321 32436
2008\18\3.bmp
M 2008 3321 32436 2008 3321 32437
2008\18\4.bmp
M 2008 3321 32436 2008 3321 32435
2008\18\2.bmp
M 2008 3321 32436 2008 3321 32434
2008\18\1.bmp
E 2008 3321 32437
2008\18\4.bmp
M 2008 3321 32437 2008 3321 32435
2008\18\2.bmp
M 2008 3321 32437 2008 3321 32434
2008\18\1.bmp
E 2008 3321 32435
2008\18\2.bmp
M 2008 3321 32435 2008 3321 32434
2008\18\1.bmp
E 2008 3321 32434
2008\18\1.bmp
E 2008 3324 32450
2008\4\2.bmp
M 2008 3324 32450 2008 3324 32449
2008\4\1.bmp
M 2008 3324 32450 2008 3324 32452
2008\4\4.bmp
M 2008 3324 32450 2008 3324 32453
2008\4\5.bmp
M 2008 3324 32450 2008 3324 32451
2008\4\3.bmp
M 2008 3324 32450 2008 3322 32440
2008\2\2.bmp
M 2008 3324 32450 2008 3326 32463
2008\6\5.bmp
M 2008 3324 32450 2008 3323 32445
2008\3\2.bmp
M 2008 3324 32450 2008 3317 32417
2008\14\4.bmp
M 2008 3324 32450 2008 3327 32466
2008\7\3.bmp
M 2008 3324 32450 2008 3328 32470
2008\8\2.bmp
E 2008 3324 32449
2008\4\1.bmp
M 2008 3324 32449 2008 3324 32452
2008\4\4.bmp
M 2008 3324 32449 2008 3324 32453
2008\4\5.bmp
M 2008 3324 32449 2008 3324 32451
2008\4\3.bmp
E 2008 3324 32452
2008\4\4.bmp
M 2008 3324 32452 2008 3324 32453
2008\4\5.bmp
M 2008 3324 32452 2008 3324 32451
2008\4\3.bmp
E 2008 3324 32453
2008\4\5.bmp
M 2008 3324 32453 2008 3324 32451
2008\4\3.bmp
E 2008 3324 32451
2008\4\3.bmp
E 2008 3322 32440
2008\2\2.bmp
M 2008 3322 32440 2008 3322 32439
2008\2\1.bmp
M 2008 3322 32440 2008 3322 32443
2008\2\5.bmp
M 2008 3322 32440 2008 3322 32442
2008\2\4.bmp
M 2008 3322 32440 2008 3322 32441
2008\2\3.bmp
M 2008 3322 32440 2008 3326 32463
2008\6\5.bmp
M 2008 3322 32440 2008 3323 32445
2008\3\2.bmp
M 2008 3322 32440 2008 3317 32417
2008\14\4.bmp
M 2008 3322 32440 2008 3327 32466
2008\7\3.bmp
M 2008 3322 32440 2008 3328 32470
2008\8\2.bmp
E 2008 3322 32439
2008\2\1.bmp
M 2008 3322 32439 2008 3322 32443
2008\2\5.bmp
M 2008 3322 32439 2008 3322 32442
2008\2\4.bmp
M 2008 3322 32439 2008 3322 32441
2008\2\3.bmp
E 2008 3322 32443
2008\2\5.bmp
M 2008 3322 32443 2008 3322 32442
2008\2\4.bmp
M 2008 3322 32443 2008 3322 32441
2008\2\3.bmp
E 2008 3322 32442
2008\2\4.bmp
M 2008 3322 32442 2008 3322 32441
2008\2\3.bmp
E 2008 3322 32441
2008\2\3.bmp
E 2008 3326 32463
2008\6\5.bmp
M 2008 3326 32463 2008 3326 32462
2008\6\4.bmp
M 2008 3326 32463 2008 3326 32459
2008\6\1.bmp
M 2008 3326 32463 2008 3326 32461
2008\6\3.bmp
M 2008 3326 32463 2008 3326 32460
2008\6\2.bmp
M 2008 3326 32463 2008 3323 32445
2008\3\2.bmp
M 2008 3326 32463 2008 3317 32417
2008\14\4.bmp
M 2008 3326 32463 2008 3327 32466
2008\7\3.bmp
M 2008 3326 32463 2008 3328 32470
2008\8\2.bmp
E 2008 3326 32462
2008\6\4.bmp
M 2008 3326 32462 2008 3326 32459
2008\6\1.bmp
M 2008 3326 32462 2008 3326 32461
2008\6\3.bmp
M 2008 3326 32462 2008 3326 32460
2008\6\2.bmp
E 2008 3326 32459
2008\6\1.bmp
M 2008 3326 32459 2008 3326 32461
2008\6\3.bmp
M 2008 3326 32459 2008 3326 32460
2008\6\2.bmp
E 2008 3326 32461
2008\6\3.bmp
M 2008 3326 32461 2008 3326 32460
2008\6\2.bmp
E 2008 3326 32460
2008\6\2.bmp
E 2008 3323 32445
2008\3\2.bmp
M 2008 3323 32445 2008 3323 32448
2008\3\5.bmp
M 2008 3323 32445 2008 3323 32446
2008\3\3.bmp
M 2008 3323 32445 2008 3323 32444
2008\3\1.bmp
M 2008 3323 32445 2008 3323 32447
2008\3\4.bmp
M 2008 3323 32445 2008 3317 32417
2008\14\4.bmp
M 2008 3323 32445 2008 3327 32466
2008\7\3.bmp
M 2008 3323 32445 2008 3328 32470
2008\8\2.bmp
E 2008 3323 32448
2008\3\5.bmp
M 2008 3323 32448 2008 3323 32446
2008\3\3.bmp
M 2008 3323 32448 2008 3323 32444
2008\3\1.bmp
M 2008 3323 32448 2008 3323 32447
2008\3\4.bmp
E 2008 3323 32446
2008\3\3.bmp
M 2008 3323 32446 2008 3323 32444
2008\3\1.bmp
M 2008 3323 32446 2008 3323 32447
2008\3\4.bmp
E 2008 3323 32444
2008\3\1.bmp
M 2008 3323 32444 2008 3323 32447
2008\3\4.bmp
E 2008 3323 32447
2008\3\4.bmp
E 2008 3317 32417
2008\14\4.bmp
M 2008 3317 32417 2008 3317 32418
2008\14\5.bmp
M 2008 3317 32417 2008 3317 32415
2008\14\2.bmp
M 2008 3317 32417 2008 3317 32416
2008\14\3.bmp
M 2008 3317 32417 2008 3317 32414
2008\14\1.bmp
M 2008 3317 32417 2008 3327 32466
2008\7\3.bmp
M 2008 3317 32417 2008 3328 32470
2008\8\2.bmp
E 2008 3317 32418
2008\14\5.bmp
M 2008 3317 32418 2008 3317 32415
2008\14\2.bmp
M 2008 3317 32418 2008 3317 32416
2008\14\3.bmp
M 2008 3317 32418 2008 3317 32414
2008\14\1.bmp
E 2008 3317 32415
2008\14\2.bmp
M 2008 3317 32415 2008 3317 32416
2008\14\3.bmp
M 2008 3317 32415 2008 3317 32414
2008\14\1.bmp
E 2008 3317 32416
2008\14\3.bmp
M 2008 3317 32416 2008 3317 32414
2008\14\1.bmp
E 2008 3317 32414
2008\14\1.bmp
E 2008 3327 32466
2008\7\3.bmp
M 2008 3327 32466 2008 3327 32465
2008\7\2.bmp
M 2008 3327 32466 2008 3327 32468
2008\7\5.bmp
M 2008 3327 32466 2008 3327 32464
2008\7\1.bmp
M 2008 3327 32466 2008 3327 32467
2008\7\4.bmp
M 2008 3327 32466 2008 3328 32470
2008\8\2.bmp
E 2008 3327 32465
2008\7\2.bmp
M 2008 3327 32465 2008 3327 32468
2008\7\5.bmp
M 2008 3327 32465 2008 3327 32464
2008\7\1.bmp
M 2008 3327 32465 2008 3327 32467
2008\7\4.bmp
E 2008 3327 32468
2008\7\5.bmp
M 2008 3327 32468 2008 3327 32464
2008\7\1.bmp
M 2008 3327 32468 2008 3327 32467
2008\7\4.bmp
E 2008 3327 32464
2008\7\1.bmp
M 2008 3327 32464 2008 3327 32467
2008\7\4.bmp
E 2008 3327 32467
2008\7\4.bmp
E 2008 3328 32470
2008\8\2.bmp
M 2008 3328 32470 2008 3328 32469
2008\8\1.bmp
M 2008 3328 32470 2008 3328 32473
2008\8\5.bmp
M 2008 3328 32470 2008 3328 32472
2008\8\4.bmp
M 2008 3328 32470 2008 3328 32471
2008\8\3.bmp
E 2008 3328 32469
2008\8\1.bmp
M 2008 3328 32469 2008 3328 32473
2008\8\5.bmp
M 2008 3328 32469 2008 3328 32472
2008\8\4.bmp
M 2008 3328 32469 2008 3328 32471
2008\8\3.bmp
E 2008 3328 32473
2008\8\5.bmp
M 2008 3328 32473 2008 3328 32472
2008\8\4.bmp
M 2008 3328 32473 2008 3328 32471
2008\8\3.bmp
E 2008 3328 32472
2008\8\4.bmp
M 2008 3328 32472 2008 3328 32471
2008\8\3.bmp
E 2008 3328 32471
2008\8\3.bmp
