490
E 2002 3213 31838
2002\10\6.bmp
M 2002 3213 31838 2002 3213 31837
2002\10\5.bmp
M 2002 3213 31838 2002 3213 31839
2002\10\7.bmp
M 2002 3213 31838 2002 3213 31840
2002\10\8.bmp
M 2002 3213 31838 2002 3213 31835
2002\10\2.bmp
M 2002 3213 31838 2002 3227 31922
2002\5\5.bmp
M 2002 3213 31838 2002 3212 31833
2002\1\6.bmp
M 2002 3213 31838 2002 3224 31904
2002\20\6.bmp
M 2002 3213 31838 2002 3219 31873
2002\16\5.bmp
M 2002 3213 31838 2002 3226 31918
2002\4\8.bmp
M 2002 3213 31838 2002 3215 31851
2002\12\6.bmp
M 2002 3213 31838 2002 3231 31948
2002\9\8.bmp
M 2002 3213 31838 2002 3230 31939
2002\8\3.bmp
M 2002 3213 31838 2002 3217 31863
2002\14\7.bmp
M 2002 3213 31838 2002 3223 31898
2002\2\5.bmp
M 2002 3213 31838 2002 3222 31892
2002\19\6.bmp
M 2002 3213 31838 2002 3214 31843
2002\11\4.bmp
M 2002 3213 31838 2002 3229 31935
2002\7\7.bmp
M 2002 3213 31838 2002 3228 31926
2002\6\2.bmp
M 2002 3213 31838 2002 3221 31888
2002\18\8.bmp
M 2002 3213 31838 2002 3220 31877
2002\17\1.bmp
M 2002 3213 31838 2002 3225 31912
2002\3\8.bmp
M 2002 3213 31838 2002 3216 31854
2002\13\4.bmp
M 2002 3213 31838 2002 3218 31865
2002\15\2.bmp
E 2002 3213 31837
2002\10\5.bmp
M 2002 3213 31837 2002 3213 31839
2002\10\7.bmp
M 2002 3213 31837 2002 3213 31840
2002\10\8.bmp
M 2002 3213 31837 2002 3213 31835
2002\10\2.bmp
E 2002 3213 31839
2002\10\7.bmp
M 2002 3213 31839 2002 3213 31840
2002\10\8.bmp
M 2002 3213 31839 2002 3213 31835
2002\10\2.bmp
E 2002 3213 31840
2002\10\8.bmp
M 2002 3213 31840 2002 3213 31835
2002\10\2.bmp
E 2002 3213 31835
2002\10\2.bmp
E 2002 3227 31922
2002\5\5.bmp
M 2002 3227 31922 2002 3227 31919
2002\5\1.bmp
M 2002 3227 31922 2002 3227 31920
2002\5\2.bmp
M 2002 3227 31922 2002 3227 31924
2002\5\7.bmp
M 2002 3227 31922 2002 3227 31923
2002\5\6.bmp
M 2002 3227 31922 2002 3212 31833
2002\1\6.bmp
M 2002 3227 31922 2002 3224 31904
2002\20\6.bmp
M 2002 3227 31922 2002 3219 31873
2002\16\5.bmp
M 2002 3227 31922 2002 3226 31918
2002\4\8.bmp
M 2002 3227 31922 2002 3215 31851
2002\12\6.bmp
M 2002 3227 31922 2002 3231 31948
2002\9\8.bmp
M 2002 3227 31922 2002 3230 31939
2002\8\3.bmp
M 2002 3227 31922 2002 3217 31863
2002\14\7.bmp
M 2002 3227 31922 2002 3223 31898
2002\2\5.bmp
M 2002 3227 31922 2002 3222 31892
2002\19\6.bmp
M 2002 3227 31922 2002 3214 31843
2002\11\4.bmp
M 2002 3227 31922 2002 3229 31935
2002\7\7.bmp
M 2002 3227 31922 2002 3228 31926
2002\6\2.bmp
M 2002 3227 31922 2002 3221 31888
2002\18\8.bmp
M 2002 3227 31922 2002 3220 31877
2002\17\1.bmp
M 2002 3227 31922 2002 3225 31912
2002\3\8.bmp
M 2002 3227 31922 2002 3216 31854
2002\13\4.bmp
M 2002 3227 31922 2002 3218 31865
2002\15\2.bmp
E 2002 3227 31919
2002\5\1.bmp
M 2002 3227 31919 2002 3227 31920
2002\5\2.bmp
M 2002 3227 31919 2002 3227 31924
2002\5\7.bmp
M 2002 3227 31919 2002 3227 31923
2002\5\6.bmp
E 2002 3227 31920
2002\5\2.bmp
M 2002 3227 31920 2002 3227 31924
2002\5\7.bmp
M 2002 3227 31920 2002 3227 31923
2002\5\6.bmp
E 2002 3227 31924
2002\5\7.bmp
M 2002 3227 31924 2002 3227 31923
2002\5\6.bmp
E 2002 3227 31923
2002\5\6.bmp
E 2002 3212 31833
2002\1\6.bmp
M 2002 3212 31833 2002 3212 31829
2002\1\1.bmp
M 2002 3212 31833 2002 3212 31831
2002\1\4.bmp
M 2002 3212 31833 2002 3212 31832
2002\1\5.bmp
M 2002 3212 31833 2002 3212 31830
2002\1\2.bmp
M 2002 3212 31833 2002 3224 31904
2002\20\6.bmp
M 2002 3212 31833 2002 3219 31873
2002\16\5.bmp
M 2002 3212 31833 2002 3226 31918
2002\4\8.bmp
M 2002 3212 31833 2002 3215 31851
2002\12\6.bmp
M 2002 3212 31833 2002 3231 31948
2002\9\8.bmp
M 2002 3212 31833 2002 3230 31939
2002\8\3.bmp
M 2002 3212 31833 2002 3217 31863
2002\14\7.bmp
M 2002 3212 31833 2002 3223 31898
2002\2\5.bmp
M 2002 3212 31833 2002 3222 31892
2002\19\6.bmp
M 2002 3212 31833 2002 3214 31843
2002\11\4.bmp
M 2002 3212 31833 2002 3229 31935
2002\7\7.bmp
M 2002 3212 31833 2002 3228 31926
2002\6\2.bmp
M 2002 3212 31833 2002 3221 31888
2002\18\8.bmp
M 2002 3212 31833 2002 3220 31877
2002\17\1.bmp
M 2002 3212 31833 2002 3225 31912
2002\3\8.bmp
M 2002 3212 31833 2002 3216 31854
2002\13\4.bmp
M 2002 3212 31833 2002 3218 31865
2002\15\2.bmp
E 2002 3212 31829
2002\1\1.bmp
M 2002 3212 31829 2002 3212 31831
2002\1\4.bmp
M 2002 3212 31829 2002 3212 31832
2002\1\5.bmp
M 2002 3212 31829 2002 3212 31830
2002\1\2.bmp
E 2002 3212 31831
2002\1\4.bmp
M 2002 3212 31831 2002 3212 31832
2002\1\5.bmp
M 2002 3212 31831 2002 3212 31830
2002\1\2.bmp
E 2002 3212 31832
2002\1\5.bmp
M 2002 3212 31832 2002 3212 31830
2002\1\2.bmp
E 2002 3212 31830
2002\1\2.bmp
E 2002 3224 31904
2002\20\6.bmp
M 2002 3224 31904 2002 3224 31903
2002\20\5.bmp
M 2002 3224 31904 2002 3224 31906
2002\20\8.bmp
M 2002 3224 31904 2002 3224 31902
2002\20\3.bmp
M 2002 3224 31904 2002 3224 31901
2002\20\2.bmp
M 2002 3224 31904 2002 3219 31873
2002\16\5.bmp
M 2002 3224 31904 2002 3226 31918
2002\4\8.bmp
M 2002 3224 31904 2002 3215 31851
2002\12\6.bmp
M 2002 3224 31904 2002 3231 31948
2002\9\8.bmp
M 2002 3224 31904 2002 3230 31939
2002\8\3.bmp
M 2002 3224 31904 2002 3217 31863
2002\14\7.bmp
M 2002 3224 31904 2002 3223 31898
2002\2\5.bmp
M 2002 3224 31904 2002 3222 31892
2002\19\6.bmp
M 2002 3224 31904 2002 3214 31843
2002\11\4.bmp
M 2002 3224 31904 2002 3229 31935
2002\7\7.bmp
M 2002 3224 31904 2002 3228 31926
2002\6\2.bmp
M 2002 3224 31904 2002 3221 31888
2002\18\8.bmp
M 2002 3224 31904 2002 3220 31877
2002\17\1.bmp
M 2002 3224 31904 2002 3225 31912
2002\3\8.bmp
M 2002 3224 31904 2002 3216 31854
2002\13\4.bmp
M 2002 3224 31904 2002 3218 31865
2002\15\2.bmp
E 2002 3224 31903
2002\20\5.bmp
M 2002 3224 31903 2002 3224 31906
2002\20\8.bmp
M 2002 3224 31903 2002 3224 31902
2002\20\3.bmp
M 2002 3224 31903 2002 3224 31901
2002\20\2.bmp
E 2002 3224 31906
2002\20\8.bmp
M 2002 3224 31906 2002 3224 31902
2002\20\3.bmp
M 2002 3224 31906 2002 3224 31901
2002\20\2.bmp
E 2002 3224 31902
2002\20\3.bmp
M 2002 3224 31902 2002 3224 31901
2002\20\2.bmp
E 2002 3224 31901
2002\20\2.bmp
E 2002 3219 31873
2002\16\5.bmp
M 2002 3219 31873 2002 3219 31875
2002\16\7.bmp
M 2002 3219 31873 2002 3219 31871
2002\16\1.bmp
M 2002 3219 31873 2002 3219 31872
2002\16\3.bmp
M 2002 3219 31873 2002 3219 31876
2002\16\8.bmp
M 2002 3219 31873 2002 3226 31918
2002\4\8.bmp
M 2002 3219 31873 2002 3215 31851
2002\12\6.bmp
M 2002 3219 31873 2002 3231 31948
2002\9\8.bmp
M 2002 3219 31873 2002 3230 31939
2002\8\3.bmp
M 2002 3219 31873 2002 3217 31863
2002\14\7.bmp
M 2002 3219 31873 2002 3223 31898
2002\2\5.bmp
M 2002 3219 31873 2002 3222 31892
2002\19\6.bmp
M 2002 3219 31873 2002 3214 31843
2002\11\4.bmp
M 2002 3219 31873 2002 3229 31935
2002\7\7.bmp
M 2002 3219 31873 2002 3228 31926
2002\6\2.bmp
M 2002 3219 31873 2002 3221 31888
2002\18\8.bmp
M 2002 3219 31873 2002 3220 31877
2002\17\1.bmp
M 2002 3219 31873 2002 3225 31912
2002\3\8.bmp
M 2002 3219 31873 2002 3216 31854
2002\13\4.bmp
M 2002 3219 31873 2002 3218 31865
2002\15\2.bmp
E 2002 3219 31875
2002\16\7.bmp
M 2002 3219 31875 2002 3219 31871
2002\16\1.bmp
M 2002 3219 31875 2002 3219 31872
2002\16\3.bmp
M 2002 3219 31875 2002 3219 31876
2002\16\8.bmp
E 2002 3219 31871
2002\16\1.bmp
M 2002 3219 31871 2002 3219 31872
2002\16\3.bmp
M 2002 3219 31871 2002 3219 31876
2002\16\8.bmp
E 2002 3219 31872
2002\16\3.bmp
M 2002 3219 31872 2002 3219 31876
2002\16\8.bmp
E 2002 3219 31876
2002\16\8.bmp
E 2002 3226 31918
2002\4\8.bmp
M 2002 3226 31918 2002 3226 31914
2002\4\2.bmp
M 2002 3226 31918 2002 3226 31916
2002\4\6.bmp
M 2002 3226 31918 2002 3226 31913
2002\4\1.bmp
M 2002 3226 31918 2002 3226 31917
2002\4\7.bmp
M 2002 3226 31918 2002 3215 31851
2002\12\6.bmp
M 2002 3226 31918 2002 3231 31948
2002\9\8.bmp
M 2002 3226 31918 2002 3230 31939
2002\8\3.bmp
M 2002 3226 31918 2002 3217 31863
2002\14\7.bmp
M 2002 3226 31918 2002 3223 31898
2002\2\5.bmp
M 2002 3226 31918 2002 3222 31892
2002\19\6.bmp
M 2002 3226 31918 2002 3214 31843
2002\11\4.bmp
M 2002 3226 31918 2002 3229 31935
2002\7\7.bmp
M 2002 3226 31918 2002 3228 31926
2002\6\2.bmp
M 2002 3226 31918 2002 3221 31888
2002\18\8.bmp
M 2002 3226 31918 2002 3220 31877
2002\17\1.bmp
M 2002 3226 31918 2002 3225 31912
2002\3\8.bmp
M 2002 3226 31918 2002 3216 31854
2002\13\4.bmp
M 2002 3226 31918 2002 3218 31865
2002\15\2.bmp
E 2002 3226 31914
2002\4\2.bmp
M 2002 3226 31914 2002 3226 31916
2002\4\6.bmp
M 2002 3226 31914 2002 3226 31913
2002\4\1.bmp
M 2002 3226 31914 2002 3226 31917
2002\4\7.bmp
E 2002 3226 31916
2002\4\6.bmp
M 2002 3226 31916 2002 3226 31913
2002\4\1.bmp
M 2002 3226 31916 2002 3226 31917
2002\4\7.bmp
E 2002 3226 31913
2002\4\1.bmp
M 2002 3226 31913 2002 3226 31917
2002\4\7.bmp
E 2002 3226 31917
2002\4\7.bmp
E 2002 3215 31851
2002\12\6.bmp
M 2002 3215 31851 2002 3215 31852
2002\12\7.bmp
M 2002 3215 31851 2002 3215 31850
2002\12\5.bmp
M 2002 3215 31851 2002 3215 31848
2002\12\3.bmp
M 2002 3215 31851 2002 3215 31847
2002\12\2.bmp
M 2002 3215 31851 2002 3231 31948
2002\9\8.bmp
M 2002 3215 31851 2002 3230 31939
2002\8\3.bmp
M 2002 3215 31851 2002 3217 31863
2002\14\7.bmp
M 2002 3215 31851 2002 3223 31898
2002\2\5.bmp
M 2002 3215 31851 2002 3222 31892
2002\19\6.bmp
M 2002 3215 31851 2002 3214 31843
2002\11\4.bmp
M 2002 3215 31851 2002 3229 31935
2002\7\7.bmp
M 2002 3215 31851 2002 3228 31926
2002\6\2.bmp
M 2002 3215 31851 2002 3221 31888
2002\18\8.bmp
M 2002 3215 31851 2002 3220 31877
2002\17\1.bmp
M 2002 3215 31851 2002 3225 31912
2002\3\8.bmp
M 2002 3215 31851 2002 3216 31854
2002\13\4.bmp
M 2002 3215 31851 2002 3218 31865
2002\15\2.bmp
E 2002 3215 31852
2002\12\7.bmp
M 2002 3215 31852 2002 3215 31850
2002\12\5.bmp
M 2002 3215 31852 2002 3215 31848
2002\12\3.bmp
M 2002 3215 31852 2002 3215 31847
2002\12\2.bmp
E 2002 3215 31850
2002\12\5.bmp
M 2002 3215 31850 2002 3215 31848
2002\12\3.bmp
M 2002 3215 31850 2002 3215 31847
2002\12\2.bmp
E 2002 3215 31848
2002\12\3.bmp
M 2002 3215 31848 2002 3215 31847
2002\12\2.bmp
E 2002 3215 31847
2002\12\2.bmp
E 2002 3231 31948
2002\9\8.bmp
M 2002 3231 31948 2002 3231 31946
2002\9\4.bmp
M 2002 3231 31948 2002 3231 31947
2002\9\6.bmp
M 2002 3231 31948 2002 3231 31943
2002\9\1.bmp
M 2002 3231 31948 2002 3231 31944
2002\9\2.bmp
M 2002 3231 31948 2002 3230 31939
2002\8\3.bmp
M 2002 3231 31948 2002 3217 31863
2002\14\7.bmp
M 2002 3231 31948 2002 3223 31898
2002\2\5.bmp
M 2002 3231 31948 2002 3222 31892
2002\19\6.bmp
M 2002 3231 31948 2002 3214 31843
2002\11\4.bmp
M 2002 3231 31948 2002 3229 31935
2002\7\7.bmp
M 2002 3231 31948 2002 3228 31926
2002\6\2.bmp
M 2002 3231 31948 2002 3221 31888
2002\18\8.bmp
M 2002 3231 31948 2002 3220 31877
2002\17\1.bmp
M 2002 3231 31948 2002 3225 31912
2002\3\8.bmp
M 2002 3231 31948 2002 3216 31854
2002\13\4.bmp
M 2002 3231 31948 2002 3218 31865
2002\15\2.bmp
E 2002 3231 31946
2002\9\4.bmp
M 2002 3231 31946 2002 3231 31947
2002\9\6.bmp
M 2002 3231 31946 2002 3231 31943
2002\9\1.bmp
M 2002 3231 31946 2002 3231 31944
2002\9\2.bmp
E 2002 3231 31947
2002\9\6.bmp
M 2002 3231 31947 2002 3231 31943
2002\9\1.bmp
M 2002 3231 31947 2002 3231 31944
2002\9\2.bmp
E 2002 3231 31943
2002\9\1.bmp
M 2002 3231 31943 2002 3231 31944
2002\9\2.bmp
E 2002 3231 31944
2002\9\2.bmp
E 2002 3230 31939
2002\8\3.bmp
M 2002 3230 31939 2002 3230 31941
2002\8\6.bmp
M 2002 3230 31939 2002 3230 31940
2002\8\5.bmp
M 2002 3230 31939 2002 3230 31937
2002\8\1.bmp
M 2002 3230 31939 2002 3230 31942
2002\8\7.bmp
M 2002 3230 31939 2002 3217 31863
2002\14\7.bmp
M 2002 3230 31939 2002 3223 31898
2002\2\5.bmp
M 2002 3230 31939 2002 3222 31892
2002\19\6.bmp
M 2002 3230 31939 2002 3214 31843
2002\11\4.bmp
M 2002 3230 31939 2002 3229 31935
2002\7\7.bmp
M 2002 3230 31939 2002 3228 31926
2002\6\2.bmp
M 2002 3230 31939 2002 3221 31888
2002\18\8.bmp
M 2002 3230 31939 2002 3220 31877
2002\17\1.bmp
M 2002 3230 31939 2002 3225 31912
2002\3\8.bmp
M 2002 3230 31939 2002 3216 31854
2002\13\4.bmp
M 2002 3230 31939 2002 3218 31865
2002\15\2.bmp
E 2002 3230 31941
2002\8\6.bmp
M 2002 3230 31941 2002 3230 31940
2002\8\5.bmp
M 2002 3230 31941 2002 3230 31937
2002\8\1.bmp
M 2002 3230 31941 2002 3230 31942
2002\8\7.bmp
E 2002 3230 31940
2002\8\5.bmp
M 2002 3230 31940 2002 3230 31937
2002\8\1.bmp
M 2002 3230 31940 2002 3230 31942
2002\8\7.bmp
E 2002 3230 31937
2002\8\1.bmp
M 2002 3230 31937 2002 3230 31942
2002\8\7.bmp
E 2002 3230 31942
2002\8\7.bmp
E 2002 3217 31863
2002\14\7.bmp
M 2002 3217 31863 2002 3217 31860
2002\14\4.bmp
M 2002 3217 31863 2002 3217 31859
2002\14\1.bmp
M 2002 3217 31863 2002 3217 31862
2002\14\6.bmp
M 2002 3217 31863 2002 3217 31861
2002\14\5.bmp
M 2002 3217 31863 2002 3223 31898
2002\2\5.bmp
M 2002 3217 31863 2002 3222 31892
2002\19\6.bmp
M 2002 3217 31863 2002 3214 31843
2002\11\4.bmp
M 2002 3217 31863 2002 3229 31935
2002\7\7.bmp
M 2002 3217 31863 2002 3228 31926
2002\6\2.bmp
M 2002 3217 31863 2002 3221 31888
2002\18\8.bmp
M 2002 3217 31863 2002 3220 31877
2002\17\1.bmp
M 2002 3217 31863 2002 3225 31912
2002\3\8.bmp
M 2002 3217 31863 2002 3216 31854
2002\13\4.bmp
M 2002 3217 31863 2002 3218 31865
2002\15\2.bmp
E 2002 3217 31860
2002\14\4.bmp
M 2002 3217 31860 2002 3217 31859
2002\14\1.bmp
M 2002 3217 31860 2002 3217 31862
2002\14\6.bmp
M 2002 3217 31860 2002 3217 31861
2002\14\5.bmp
E 2002 3217 31859
2002\14\1.bmp
M 2002 3217 31859 2002 3217 31862
2002\14\6.bmp
M 2002 3217 31859 2002 3217 31861
2002\14\5.bmp
E 2002 3217 31862
2002\14\6.bmp
M 2002 3217 31862 2002 3217 31861
2002\14\5.bmp
E 2002 3217 31861
2002\14\5.bmp
E 2002 3223 31898
2002\2\5.bmp
M 2002 3223 31898 2002 3223 31899
2002\2\6.bmp
M 2002 3223 31898 2002 3223 31900
2002\2\7.bmp
M 2002 3223 31898 2002 3223 31897
2002\2\4.bmp
M 2002 3223 31898 2002 3223 31896
2002\2\3.bmp
M 2002 3223 31898 2002 3222 31892
2002\19\6.bmp
M 2002 3223 31898 2002 3214 31843
2002\11\4.bmp
M 2002 3223 31898 2002 3229 31935
2002\7\7.bmp
M 2002 3223 31898 2002 3228 31926
2002\6\2.bmp
M 2002 3223 31898 2002 3221 31888
2002\18\8.bmp
M 2002 3223 31898 2002 3220 31877
2002\17\1.bmp
M 2002 3223 31898 2002 3225 31912
2002\3\8.bmp
M 2002 3223 31898 2002 3216 31854
2002\13\4.bmp
M 2002 3223 31898 2002 3218 31865
2002\15\2.bmp
E 2002 3223 31899
2002\2\6.bmp
M 2002 3223 31899 2002 3223 31900
2002\2\7.bmp
M 2002 3223 31899 2002 3223 31897
2002\2\4.bmp
M 2002 3223 31899 2002 3223 31896
2002\2\3.bmp
E 2002 3223 31900
2002\2\7.bmp
M 2002 3223 31900 2002 3223 31897
2002\2\4.bmp
M 2002 3223 31900 2002 3223 31896
2002\2\3.bmp
E 2002 3223 31897
2002\2\4.bmp
M 2002 3223 31897 2002 3223 31896
2002\2\3.bmp
E 2002 3223 31896
2002\2\3.bmp
E 2002 3222 31892
2002\19\6.bmp
M 2002 3222 31892 2002 3222 31893
2002\19\7.bmp
M 2002 3222 31892 2002 3222 31894
2002\19\8.bmp
M 2002 3222 31892 2002 3222 31891
2002\19\4.bmp
M 2002 3222 31892 2002 3222 31889
2002\19\2.bmp
M 2002 3222 31892 2002 3214 31843
2002\11\4.bmp
M 2002 3222 31892 2002 3229 31935
2002\7\7.bmp
M 2002 3222 31892 2002 3228 31926
2002\6\2.bmp
M 2002 3222 31892 2002 3221 31888
2002\18\8.bmp
M 2002 3222 31892 2002 3220 31877
2002\17\1.bmp
M 2002 3222 31892 2002 3225 31912
2002\3\8.bmp
M 2002 3222 31892 2002 3216 31854
2002\13\4.bmp
M 2002 3222 31892 2002 3218 31865
2002\15\2.bmp
E 2002 3222 31893
2002\19\7.bmp
M 2002 3222 31893 2002 3222 31894
2002\19\8.bmp
M 2002 3222 31893 2002 3222 31891
2002\19\4.bmp
M 2002 3222 31893 2002 3222 31889
2002\19\2.bmp
E 2002 3222 31894
2002\19\8.bmp
M 2002 3222 31894 2002 3222 31891
2002\19\4.bmp
M 2002 3222 31894 2002 3222 31889
2002\19\2.bmp
E 2002 3222 31891
2002\19\4.bmp
M 2002 3222 31891 2002 3222 31889
2002\19\2.bmp
E 2002 3222 31889
2002\19\2.bmp
E 2002 3214 31843
2002\11\4.bmp
M 2002 3214 31843 2002 3214 31842
2002\11\3.bmp
M 2002 3214 31843 2002 3214 31844
2002\11\5.bmp
M 2002 3214 31843 2002 3214 31846
2002\11\7.bmp
M 2002 3214 31843 2002 3214 31841
2002\11\2.bmp
M 2002 3214 31843 2002 3229 31935
2002\7\7.bmp
M 2002 3214 31843 2002 3228 31926
2002\6\2.bmp
M 2002 3214 31843 2002 3221 31888
2002\18\8.bmp
M 2002 3214 31843 2002 3220 31877
2002\17\1.bmp
M 2002 3214 31843 2002 3225 31912
2002\3\8.bmp
M 2002 3214 31843 2002 3216 31854
2002\13\4.bmp
M 2002 3214 31843 2002 3218 31865
2002\15\2.bmp
E 2002 3214 31842
2002\11\3.bmp
M 2002 3214 31842 2002 3214 31844
2002\11\5.bmp
M 2002 3214 31842 2002 3214 31846
2002\11\7.bmp
M 2002 3214 31842 2002 3214 31841
2002\11\2.bmp
E 2002 3214 31844
2002\11\5.bmp
M 2002 3214 31844 2002 3214 31846
2002\11\7.bmp
M 2002 3214 31844 2002 3214 31841
2002\11\2.bmp
E 2002 3214 31846
2002\11\7.bmp
M 2002 3214 31846 2002 3214 31841
2002\11\2.bmp
E 2002 3214 31841
2002\11\2.bmp
E 2002 3229 31935
2002\7\7.bmp
M 2002 3229 31935 2002 3229 31934
2002\7\4.bmp
M 2002 3229 31935 2002 3229 31933
2002\7\3.bmp
M 2002 3229 31935 2002 3229 31932
2002\7\2.bmp
M 2002 3229 31935 2002 3229 31936
2002\7\8.bmp
M 2002 3229 31935 2002 3228 31926
2002\6\2.bmp
M 2002 3229 31935 2002 3221 31888
2002\18\8.bmp
M 2002 3229 31935 2002 3220 31877
2002\17\1.bmp
M 2002 3229 31935 2002 3225 31912
2002\3\8.bmp
M 2002 3229 31935 2002 3216 31854
2002\13\4.bmp
M 2002 3229 31935 2002 3218 31865
2002\15\2.bmp
E 2002 3229 31934
2002\7\4.bmp
M 2002 3229 31934 2002 3229 31933
2002\7\3.bmp
M 2002 3229 31934 2002 3229 31932
2002\7\2.bmp
M 2002 3229 31934 2002 3229 31936
2002\7\8.bmp
E 2002 3229 31933
2002\7\3.bmp
M 2002 3229 31933 2002 3229 31932
2002\7\2.bmp
M 2002 3229 31933 2002 3229 31936
2002\7\8.bmp
E 2002 3229 31932
2002\7\2.bmp
M 2002 3229 31932 2002 3229 31936
2002\7\8.bmp
E 2002 3229 31936
2002\7\8.bmp
E 2002 3228 31926
2002\6\2.bmp
M 2002 3228 31926 2002 3228 31929
2002\6\5.bmp
M 2002 3228 31926 2002 3228 31928
2002\6\4.bmp
M 2002 3228 31926 2002 3228 31927
2002\6\3.bmp
M 2002 3228 31926 2002 3228 31930
2002\6\7.bmp
M 2002 3228 31926 2002 3221 31888
2002\18\8.bmp
M 2002 3228 31926 2002 3220 31877
2002\17\1.bmp
M 2002 3228 31926 2002 3225 31912
2002\3\8.bmp
M 2002 3228 31926 2002 3216 31854
2002\13\4.bmp
M 2002 3228 31926 2002 3218 31865
2002\15\2.bmp
E 2002 3228 31929
2002\6\5.bmp
M 2002 3228 31929 2002 3228 31928
2002\6\4.bmp
M 2002 3228 31929 2002 3228 31927
2002\6\3.bmp
M 2002 3228 31929 2002 3228 31930
2002\6\7.bmp
E 2002 3228 31928
2002\6\4.bmp
M 2002 3228 31928 2002 3228 31927
2002\6\3.bmp
M 2002 3228 31928 2002 3228 31930
2002\6\7.bmp
E 2002 3228 31927
2002\6\3.bmp
M 2002 3228 31927 2002 3228 31930
2002\6\7.bmp
E 2002 3228 31930
2002\6\7.bmp
E 2002 3221 31888
2002\18\8.bmp
M 2002 3221 31888 2002 3221 31886
2002\18\5.bmp
M 2002 3221 31888 2002 3221 31884
2002\18\3.bmp
M 2002 3221 31888 2002 3221 31885
2002\18\4.bmp
M 2002 3221 31888 2002 3221 31883
2002\18\1.bmp
M 2002 3221 31888 2002 3220 31877
2002\17\1.bmp
M 2002 3221 31888 2002 3225 31912
2002\3\8.bmp
M 2002 3221 31888 2002 3216 31854
2002\13\4.bmp
M 2002 3221 31888 2002 3218 31865
2002\15\2.bmp
E 2002 3221 31886
2002\18\5.bmp
M 2002 3221 31886 2002 3221 31884
2002\18\3.bmp
M 2002 3221 31886 2002 3221 31885
2002\18\4.bmp
M 2002 3221 31886 2002 3221 31883
2002\18\1.bmp
E 2002 3221 31884
2002\18\3.bmp
M 2002 3221 31884 2002 3221 31885
2002\18\4.bmp
M 2002 3221 31884 2002 3221 31883
2002\18\1.bmp
E 2002 3221 31885
2002\18\4.bmp
M 2002 3221 31885 2002 3221 31883
2002\18\1.bmp
E 2002 3221 31883
2002\18\1.bmp
E 2002 3220 31877
2002\17\1.bmp
M 2002 3220 31877 2002 3220 31878
2002\17\3.bmp
M 2002 3220 31877 2002 3220 31881
2002\17\7.bmp
M 2002 3220 31877 2002 3220 31879
2002\17\5.bmp
M 2002 3220 31877 2002 3220 31880
2002\17\6.bmp
M 2002 3220 31877 2002 3225 31912
2002\3\8.bmp
M 2002 3220 31877 2002 3216 31854
2002\13\4.bmp
M 2002 3220 31877 2002 3218 31865
2002\15\2.bmp
E 2002 3220 31878
2002\17\3.bmp
M 2002 3220 31878 2002 3220 31881
2002\17\7.bmp
M 2002 3220 31878 2002 3220 31879
2002\17\5.bmp
M 2002 3220 31878 2002 3220 31880
2002\17\6.bmp
E 2002 3220 31881
2002\17\7.bmp
M 2002 3220 31881 2002 3220 31879
2002\17\5.bmp
M 2002 3220 31881 2002 3220 31880
2002\17\6.bmp
E 2002 3220 31879
2002\17\5.bmp
M 2002 3220 31879 2002 3220 31880
2002\17\6.bmp
E 2002 3220 31880
2002\17\6.bmp
E 2002 3225 31912
2002\3\8.bmp
M 2002 3225 31912 2002 3225 31910
2002\3\6.bmp
M 2002 3225 31912 2002 3225 31907
2002\3\2.bmp
M 2002 3225 31912 2002 3225 31911
2002\3\7.bmp
M 2002 3225 31912 2002 3225 31908
2002\3\3.bmp
M 2002 3225 31912 2002 3216 31854
2002\13\4.bmp
M 2002 3225 31912 2002 3218 31865
2002\15\2.bmp
E 2002 3225 31910
2002\3\6.bmp
M 2002 3225 31910 2002 3225 31907
2002\3\2.bmp
M 2002 3225 31910 2002 3225 31911
2002\3\7.bmp
M 2002 3225 31910 2002 3225 31908
2002\3\3.bmp
E 2002 3225 31907
2002\3\2.bmp
M 2002 3225 31907 2002 3225 31911
2002\3\7.bmp
M 2002 3225 31907 2002 3225 31908
2002\3\3.bmp
E 2002 3225 31911
2002\3\7.bmp
M 2002 3225 31911 2002 3225 31908
2002\3\3.bmp
E 2002 3225 31908
2002\3\3.bmp
E 2002 3216 31854
2002\13\4.bmp
M 2002 3216 31854 2002 3216 31857
2002\13\7.bmp
M 2002 3216 31854 2002 3216 31855
2002\13\5.bmp
M 2002 3216 31854 2002 3216 31853
2002\13\2.bmp
M 2002 3216 31854 2002 3216 31858
2002\13\8.bmp
M 2002 3216 31854 2002 3218 31865
2002\15\2.bmp
E 2002 3216 31857
2002\13\7.bmp
M 2002 3216 31857 2002 3216 31855
2002\13\5.bmp
M 2002 3216 31857 2002 3216 31853
2002\13\2.bmp
M 2002 3216 31857 2002 3216 31858
2002\13\8.bmp
E 2002 3216 31855
2002\13\5.bmp
M 2002 3216 31855 2002 3216 31853
2002\13\2.bmp
M 2002 3216 31855 2002 3216 31858
2002\13\8.bmp
E 2002 3216 31853
2002\13\2.bmp
M 2002 3216 31853 2002 3216 31858
2002\13\8.bmp
E 2002 3216 31858
2002\13\8.bmp
E 2002 3218 31865
2002\15\2.bmp
M 2002 3218 31865 2002 3218 31869
2002\15\7.bmp
M 2002 3218 31865 2002 3218 31868
2002\15\6.bmp
M 2002 3218 31865 2002 3218 31866
2002\15\3.bmp
M 2002 3218 31865 2002 3218 31867
2002\15\4.bmp
E 2002 3218 31869
2002\15\7.bmp
M 2002 3218 31869 2002 3218 31868
2002\15\6.bmp
M 2002 3218 31869 2002 3218 31866
2002\15\3.bmp
M 2002 3218 31869 2002 3218 31867
2002\15\4.bmp
E 2002 3218 31868
2002\15\6.bmp
M 2002 3218 31868 2002 3218 31866
2002\15\3.bmp
M 2002 3218 31868 2002 3218 31867
2002\15\4.bmp
E 2002 3218 31866
2002\15\3.bmp
M 2002 3218 31866 2002 3218 31867
2002\15\4.bmp
E 2002 3218 31867
2002\15\4.bmp
