490
E 2004 3262 32129
2004\19\1.bmp
M 2004 3262 32129 2004 3262 32133
2004\19\7.bmp
M 2004 3262 32129 2004 3262 32134
2004\19\8.bmp
M 2004 3262 32129 2004 3262 32130
2004\19\4.bmp
M 2004 3262 32129 2004 3262 32131
2004\19\5.bmp
M 2004 3262 32129 2004 3268 32166
2004\6\2.bmp
M 2004 3262 32129 2004 3263 32136
2004\2\4.bmp
M 2004 3262 32129 2004 3270 32180
2004\8\4.bmp
M 2004 3262 32129 2004 3264 32143
2004\20\5.bmp
M 2004 3262 32129 2004 3259 32111
2004\16\1.bmp
M 2004 3262 32129 2004 3267 32164
2004\5\8.bmp
M 2004 3262 32129 2004 3258 32107
2004\15\5.bmp
M 2004 3262 32129 2004 3260 32117
2004\17\1.bmp
M 2004 3262 32129 2004 3255 32087
2004\12\1.bmp
M 2004 3262 32129 2004 3266 32157
2004\4\5.bmp
M 2004 3262 32129 2004 3265 32150
2004\3\6.bmp
M 2004 3262 32129 2004 3256 32098
2004\13\8.bmp
M 2004 3262 32129 2004 3269 32174
2004\7\6.bmp
M 2004 3262 32129 2004 3271 32184
2004\9\4.bmp
M 2004 3262 32129 2004 3254 32083
2004\11\5.bmp
M 2004 3262 32129 2004 3253 32076
2004\10\4.bmp
M 2004 3262 32129 2004 3252 32072
2004\1\6.bmp
M 2004 3262 32129 2004 3261 32127
2004\18\7.bmp
M 2004 3262 32129 2004 3257 32100
2004\14\4.bmp
E 2004 3262 32133
2004\19\7.bmp
M 2004 3262 32133 2004 3262 32134
2004\19\8.bmp
M 2004 3262 32133 2004 3262 32130
2004\19\4.bmp
M 2004 3262 32133 2004 3262 32131
2004\19\5.bmp
E 2004 3262 32134
2004\19\8.bmp
M 2004 3262 32134 2004 3262 32130
2004\19\4.bmp
M 2004 3262 32134 2004 3262 32131
2004\19\5.bmp
E 2004 3262 32130
2004\19\4.bmp
M 2004 3262 32130 2004 3262 32131
2004\19\5.bmp
E 2004 3262 32131
2004\19\5.bmp
E 2004 3268 32166
2004\6\2.bmp
M 2004 3268 32166 2004 3268 32169
2004\6\5.bmp
M 2004 3268 32166 2004 3268 32170
2004\6\8.bmp
M 2004 3268 32166 2004 3268 32165
2004\6\1.bmp
M 2004 3268 32166 2004 3268 32168
2004\6\4.bmp
M 2004 3268 32166 2004 3263 32136
2004\2\4.bmp
M 2004 3268 32166 2004 3270 32180
2004\8\4.bmp
M 2004 3268 32166 2004 3264 32143
2004\20\5.bmp
M 2004 3268 32166 2004 3259 32111
2004\16\1.bmp
M 2004 3268 32166 2004 3267 32164
2004\5\8.bmp
M 2004 3268 32166 2004 3258 32107
2004\15\5.bmp
M 2004 3268 32166 2004 3260 32117
2004\17\1.bmp
M 2004 3268 32166 2004 3255 32087
2004\12\1.bmp
M 2004 3268 32166 2004 3266 32157
2004\4\5.bmp
M 2004 3268 32166 2004 3265 32150
2004\3\6.bmp
M 2004 3268 32166 2004 3256 32098
2004\13\8.bmp
M 2004 3268 32166 2004 3269 32174
2004\7\6.bmp
M 2004 3268 32166 2004 3271 32184
2004\9\4.bmp
M 2004 3268 32166 2004 3254 32083
2004\11\5.bmp
M 2004 3268 32166 2004 3253 32076
2004\10\4.bmp
M 2004 3268 32166 2004 3252 32072
2004\1\6.bmp
M 2004 3268 32166 2004 3261 32127
2004\18\7.bmp
M 2004 3268 32166 2004 3257 32100
2004\14\4.bmp
E 2004 3268 32169
2004\6\5.bmp
M 2004 3268 32169 2004 3268 32170
2004\6\8.bmp
M 2004 3268 32169 2004 3268 32165
2004\6\1.bmp
M 2004 3268 32169 2004 3268 32168
2004\6\4.bmp
E 2004 3268 32170
2004\6\8.bmp
M 2004 3268 32170 2004 3268 32165
2004\6\1.bmp
M 2004 3268 32170 2004 3268 32168
2004\6\4.bmp
E 2004 3268 32165
2004\6\1.bmp
M 2004 3268 32165 2004 3268 32168
2004\6\4.bmp
E 2004 3268 32168
2004\6\4.bmp
E 2004 3263 32136
2004\2\4.bmp
M 2004 3263 32136 2004 3263 32135
2004\2\3.bmp
M 2004 3263 32136 2004 3263 32139
2004\2\7.bmp
M 2004 3263 32136 2004 3263 32137
2004\2\5.bmp
M 2004 3263 32136 2004 3263 32140
2004\2\8.bmp
M 2004 3263 32136 2004 3270 32180
2004\8\4.bmp
M 2004 3263 32136 2004 3264 32143
2004\20\5.bmp
M 2004 3263 32136 2004 3259 32111
2004\16\1.bmp
M 2004 3263 32136 2004 3267 32164
2004\5\8.bmp
M 2004 3263 32136 2004 3258 32107
2004\15\5.bmp
M 2004 3263 32136 2004 3260 32117
2004\17\1.bmp
M 2004 3263 32136 2004 3255 32087
2004\12\1.bmp
M 2004 3263 32136 2004 3266 32157
2004\4\5.bmp
M 2004 3263 32136 2004 3265 32150
2004\3\6.bmp
M 2004 3263 32136 2004 3256 32098
2004\13\8.bmp
M 2004 3263 32136 2004 3269 32174
2004\7\6.bmp
M 2004 3263 32136 2004 3271 32184
2004\9\4.bmp
M 2004 3263 32136 2004 3254 32083
2004\11\5.bmp
M 2004 3263 32136 2004 3253 32076
2004\10\4.bmp
M 2004 3263 32136 2004 3252 32072
2004\1\6.bmp
M 2004 3263 32136 2004 3261 32127
2004\18\7.bmp
M 2004 3263 32136 2004 3257 32100
2004\14\4.bmp
E 2004 3263 32135
2004\2\3.bmp
M 2004 3263 32135 2004 3263 32139
2004\2\7.bmp
M 2004 3263 32135 2004 3263 32137
2004\2\5.bmp
M 2004 3263 32135 2004 3263 32140
2004\2\8.bmp
E 2004 3263 32139
2004\2\7.bmp
M 2004 3263 32139 2004 3263 32137
2004\2\5.bmp
M 2004 3263 32139 2004 3263 32140
2004\2\8.bmp
E 2004 3263 32137
2004\2\5.bmp
M 2004 3263 32137 2004 3263 32140
2004\2\8.bmp
E 2004 3263 32140
2004\2\8.bmp
E 2004 3270 32180
2004\8\4.bmp
M 2004 3270 32180 2004 3270 32181
2004\8\5.bmp
M 2004 3270 32180 2004 3270 32182
2004\8\6.bmp
M 2004 3270 32180 2004 3270 32178
2004\8\2.bmp
M 2004 3270 32180 2004 3270 32177
2004\8\1.bmp
M 2004 3270 32180 2004 3264 32143
2004\20\5.bmp
M 2004 3270 32180 2004 3259 32111
2004\16\1.bmp
M 2004 3270 32180 2004 3267 32164
2004\5\8.bmp
M 2004 3270 32180 2004 3258 32107
2004\15\5.bmp
M 2004 3270 32180 2004 3260 32117
2004\17\1.bmp
M 2004 3270 32180 2004 3255 32087
2004\12\1.bmp
M 2004 3270 32180 2004 3266 32157
2004\4\5.bmp
M 2004 3270 32180 2004 3265 32150
2004\3\6.bmp
M 2004 3270 32180 2004 3256 32098
2004\13\8.bmp
M 2004 3270 32180 2004 3269 32174
2004\7\6.bmp
M 2004 3270 32180 2004 3271 32184
2004\9\4.bmp
M 2004 3270 32180 2004 3254 32083
2004\11\5.bmp
M 2004 3270 32180 2004 3253 32076
2004\10\4.bmp
M 2004 3270 32180 2004 3252 32072
2004\1\6.bmp
M 2004 3270 32180 2004 3261 32127
2004\18\7.bmp
M 2004 3270 32180 2004 3257 32100
2004\14\4.bmp
E 2004 3270 32181
2004\8\5.bmp
M 2004 3270 32181 2004 3270 32182
2004\8\6.bmp
M 2004 3270 32181 2004 3270 32178
2004\8\2.bmp
M 2004 3270 32181 2004 3270 32177
2004\8\1.bmp
E 2004 3270 32182
2004\8\6.bmp
M 2004 3270 32182 2004 3270 32178
2004\8\2.bmp
M 2004 3270 32182 2004 3270 32177
2004\8\1.bmp
E 2004 3270 32178
2004\8\2.bmp
M 2004 3270 32178 2004 3270 32177
2004\8\1.bmp
E 2004 3270 32177
2004\8\1.bmp
E 2004 3264 32143
2004\20\5.bmp
M 2004 3264 32143 2004 3264 32142
2004\20\4.bmp
M 2004 3264 32143 2004 3264 32141
2004\20\1.bmp
M 2004 3264 32143 2004 3264 32146
2004\20\8.bmp
M 2004 3264 32143 2004 3264 32144
2004\20\6.bmp
M 2004 3264 32143 2004 3259 32111
2004\16\1.bmp
M 2004 3264 32143 2004 3267 32164
2004\5\8.bmp
M 2004 3264 32143 2004 3258 32107
2004\15\5.bmp
M 2004 3264 32143 2004 3260 32117
2004\17\1.bmp
M 2004 3264 32143 2004 3255 32087
2004\12\1.bmp
M 2004 3264 32143 2004 3266 32157
2004\4\5.bmp
M 2004 3264 32143 2004 3265 32150
2004\3\6.bmp
M 2004 3264 32143 2004 3256 32098
2004\13\8.bmp
M 2004 3264 32143 2004 3269 32174
2004\7\6.bmp
M 2004 3264 32143 2004 3271 32184
2004\9\4.bmp
M 2004 3264 32143 2004 3254 32083
2004\11\5.bmp
M 2004 3264 32143 2004 3253 32076
2004\10\4.bmp
M 2004 3264 32143 2004 3252 32072
2004\1\6.bmp
M 2004 3264 32143 2004 3261 32127
2004\18\7.bmp
M 2004 3264 32143 2004 3257 32100
2004\14\4.bmp
E 2004 3264 32142
2004\20\4.bmp
M 2004 3264 32142 2004 3264 32141
2004\20\1.bmp
M 2004 3264 32142 2004 3264 32146
2004\20\8.bmp
M 2004 3264 32142 2004 3264 32144
2004\20\6.bmp
E 2004 3264 32141
2004\20\1.bmp
M 2004 3264 32141 2004 3264 32146
2004\20\8.bmp
M 2004 3264 32141 2004 3264 32144
2004\20\6.bmp
E 2004 3264 32146
2004\20\8.bmp
M 2004 3264 32146 2004 3264 32144
2004\20\6.bmp
E 2004 3264 32144
2004\20\6.bmp
E 2004 3259 32111
2004\16\1.bmp
M 2004 3259 32111 2004 3259 32114
2004\16\6.bmp
M 2004 3259 32111 2004 3259 32115
2004\16\7.bmp
M 2004 3259 32111 2004 3259 32112
2004\16\4.bmp
M 2004 3259 32111 2004 3259 32113
2004\16\5.bmp
M 2004 3259 32111 2004 3267 32164
2004\5\8.bmp
M 2004 3259 32111 2004 3258 32107
2004\15\5.bmp
M 2004 3259 32111 2004 3260 32117
2004\17\1.bmp
M 2004 3259 32111 2004 3255 32087
2004\12\1.bmp
M 2004 3259 32111 2004 3266 32157
2004\4\5.bmp
M 2004 3259 32111 2004 3265 32150
2004\3\6.bmp
M 2004 3259 32111 2004 3256 32098
2004\13\8.bmp
M 2004 3259 32111 2004 3269 32174
2004\7\6.bmp
M 2004 3259 32111 2004 3271 32184
2004\9\4.bmp
M 2004 3259 32111 2004 3254 32083
2004\11\5.bmp
M 2004 3259 32111 2004 3253 32076
2004\10\4.bmp
M 2004 3259 32111 2004 3252 32072
2004\1\6.bmp
M 2004 3259 32111 2004 3261 32127
2004\18\7.bmp
M 2004 3259 32111 2004 3257 32100
2004\14\4.bmp
E 2004 3259 32114
2004\16\6.bmp
M 2004 3259 32114 2004 3259 32115
2004\16\7.bmp
M 2004 3259 32114 2004 3259 32112
2004\16\4.bmp
M 2004 3259 32114 2004 3259 32113
2004\16\5.bmp
E 2004 3259 32115
2004\16\7.bmp
M 2004 3259 32115 2004 3259 32112
2004\16\4.bmp
M 2004 3259 32115 2004 3259 32113
2004\16\5.bmp
E 2004 3259 32112
2004\16\4.bmp
M 2004 3259 32112 2004 3259 32113
2004\16\5.bmp
E 2004 3259 32113
2004\16\5.bmp
E 2004 3267 32164
2004\5\8.bmp
M 2004 3267 32164 2004 3267 32161
2004\5\5.bmp
M 2004 3267 32164 2004 3267 32162
2004\5\6.bmp
M 2004 3267 32164 2004 3267 32159
2004\5\1.bmp
M 2004 3267 32164 2004 3267 32163
2004\5\7.bmp
M 2004 3267 32164 2004 3258 32107
2004\15\5.bmp
M 2004 3267 32164 2004 3260 32117
2004\17\1.bmp
M 2004 3267 32164 2004 3255 32087
2004\12\1.bmp
M 2004 3267 32164 2004 3266 32157
2004\4\5.bmp
M 2004 3267 32164 2004 3265 32150
2004\3\6.bmp
M 2004 3267 32164 2004 3256 32098
2004\13\8.bmp
M 2004 3267 32164 2004 3269 32174
2004\7\6.bmp
M 2004 3267 32164 2004 3271 32184
2004\9\4.bmp
M 2004 3267 32164 2004 3254 32083
2004\11\5.bmp
M 2004 3267 32164 2004 3253 32076
2004\10\4.bmp
M 2004 3267 32164 2004 3252 32072
2004\1\6.bmp
M 2004 3267 32164 2004 3261 32127
2004\18\7.bmp
M 2004 3267 32164 2004 3257 32100
2004\14\4.bmp
E 2004 3267 32161
2004\5\5.bmp
M 2004 3267 32161 2004 3267 32162
2004\5\6.bmp
M 2004 3267 32161 2004 3267 32159
2004\5\1.bmp
M 2004 3267 32161 2004 3267 32163
2004\5\7.bmp
E 2004 3267 32162
2004\5\6.bmp
M 2004 3267 32162 2004 3267 32159
2004\5\1.bmp
M 2004 3267 32162 2004 3267 32163
2004\5\7.bmp
E 2004 3267 32159
2004\5\1.bmp
M 2004 3267 32159 2004 3267 32163
2004\5\7.bmp
E 2004 3267 32163
2004\5\7.bmp
E 2004 3258 32107
2004\15\5.bmp
M 2004 3258 32107 2004 3258 32109
2004\15\7.bmp
M 2004 3258 32107 2004 3258 32110
2004\15\8.bmp
M 2004 3258 32107 2004 3258 32105
2004\15\1.bmp
M 2004 3258 32107 2004 3258 32106
2004\15\4.bmp
M 2004 3258 32107 2004 3260 32117
2004\17\1.bmp
M 2004 3258 32107 2004 3255 32087
2004\12\1.bmp
M 2004 3258 32107 2004 3266 32157
2004\4\5.bmp
M 2004 3258 32107 2004 3265 32150
2004\3\6.bmp
M 2004 3258 32107 2004 3256 32098
2004\13\8.bmp
M 2004 3258 32107 2004 3269 32174
2004\7\6.bmp
M 2004 3258 32107 2004 3271 32184
2004\9\4.bmp
M 2004 3258 32107 2004 3254 32083
2004\11\5.bmp
M 2004 3258 32107 2004 3253 32076
2004\10\4.bmp
M 2004 3258 32107 2004 3252 32072
2004\1\6.bmp
M 2004 3258 32107 2004 3261 32127
2004\18\7.bmp
M 2004 3258 32107 2004 3257 32100
2004\14\4.bmp
E 2004 3258 32109
2004\15\7.bmp
M 2004 3258 32109 2004 3258 32110
2004\15\8.bmp
M 2004 3258 32109 2004 3258 32105
2004\15\1.bmp
M 2004 3258 32109 2004 3258 32106
2004\15\4.bmp
E 2004 3258 32110
2004\15\8.bmp
M 2004 3258 32110 2004 3258 32105
2004\15\1.bmp
M 2004 3258 32110 2004 3258 32106
2004\15\4.bmp
E 2004 3258 32105
2004\15\1.bmp
M 2004 3258 32105 2004 3258 32106
2004\15\4.bmp
E 2004 3258 32106
2004\15\4.bmp
E 2004 3260 32117
2004\17\1.bmp
M 2004 3260 32117 2004 3260 32121
2004\17\7.bmp
M 2004 3260 32117 2004 3260 32119
2004\17\5.bmp
M 2004 3260 32117 2004 3260 32122
2004\17\8.bmp
M 2004 3260 32117 2004 3260 32120
2004\17\6.bmp
M 2004 3260 32117 2004 3255 32087
2004\12\1.bmp
M 2004 3260 32117 2004 3266 32157
2004\4\5.bmp
M 2004 3260 32117 2004 3265 32150
2004\3\6.bmp
M 2004 3260 32117 2004 3256 32098
2004\13\8.bmp
M 2004 3260 32117 2004 3269 32174
2004\7\6.bmp
M 2004 3260 32117 2004 3271 32184
2004\9\4.bmp
M 2004 3260 32117 2004 3254 32083
2004\11\5.bmp
M 2004 3260 32117 2004 3253 32076
2004\10\4.bmp
M 2004 3260 32117 2004 3252 32072
2004\1\6.bmp
M 2004 3260 32117 2004 3261 32127
2004\18\7.bmp
M 2004 3260 32117 2004 3257 32100
2004\14\4.bmp
E 2004 3260 32121
2004\17\7.bmp
M 2004 3260 32121 2004 3260 32119
2004\17\5.bmp
M 2004 3260 32121 2004 3260 32122
2004\17\8.bmp
M 2004 3260 32121 2004 3260 32120
2004\17\6.bmp
E 2004 3260 32119
2004\17\5.bmp
M 2004 3260 32119 2004 3260 32122
2004\17\8.bmp
M 2004 3260 32119 2004 3260 32120
2004\17\6.bmp
E 2004 3260 32122
2004\17\8.bmp
M 2004 3260 32122 2004 3260 32120
2004\17\6.bmp
E 2004 3260 32120
2004\17\6.bmp
E 2004 3255 32087
2004\12\1.bmp
M 2004 3255 32087 2004 3255 32090
2004\12\6.bmp
M 2004 3255 32087 2004 3255 32088
2004\12\4.bmp
M 2004 3255 32087 2004 3255 32092
2004\12\8.bmp
M 2004 3255 32087 2004 3255 32089
2004\12\5.bmp
M 2004 3255 32087 2004 3266 32157
2004\4\5.bmp
M 2004 3255 32087 2004 3265 32150
2004\3\6.bmp
M 2004 3255 32087 2004 3256 32098
2004\13\8.bmp
M 2004 3255 32087 2004 3269 32174
2004\7\6.bmp
M 2004 3255 32087 2004 3271 32184
2004\9\4.bmp
M 2004 3255 32087 2004 3254 32083
2004\11\5.bmp
M 2004 3255 32087 2004 3253 32076
2004\10\4.bmp
M 2004 3255 32087 2004 3252 32072
2004\1\6.bmp
M 2004 3255 32087 2004 3261 32127
2004\18\7.bmp
M 2004 3255 32087 2004 3257 32100
2004\14\4.bmp
E 2004 3255 32090
2004\12\6.bmp
M 2004 3255 32090 2004 3255 32088
2004\12\4.bmp
M 2004 3255 32090 2004 3255 32092
2004\12\8.bmp
M 2004 3255 32090 2004 3255 32089
2004\12\5.bmp
E 2004 3255 32088
2004\12\4.bmp
M 2004 3255 32088 2004 3255 32092
2004\12\8.bmp
M 2004 3255 32088 2004 3255 32089
2004\12\5.bmp
E 2004 3255 32092
2004\12\8.bmp
M 2004 3255 32092 2004 3255 32089
2004\12\5.bmp
E 2004 3255 32089
2004\12\5.bmp
E 2004 3266 32157
2004\4\5.bmp
M 2004 3266 32157 2004 3266 32154
2004\4\2.bmp
M 2004 3266 32157 2004 3266 32158
2004\4\6.bmp
M 2004 3266 32157 2004 3266 32156
2004\4\4.bmp
M 2004 3266 32157 2004 3266 32153
2004\4\1.bmp
M 2004 3266 32157 2004 3265 32150
2004\3\6.bmp
M 2004 3266 32157 2004 3256 32098
2004\13\8.bmp
M 2004 3266 32157 2004 3269 32174
2004\7\6.bmp
M 2004 3266 32157 2004 3271 32184
2004\9\4.bmp
M 2004 3266 32157 2004 3254 32083
2004\11\5.bmp
M 2004 3266 32157 2004 3253 32076
2004\10\4.bmp
M 2004 3266 32157 2004 3252 32072
2004\1\6.bmp
M 2004 3266 32157 2004 3261 32127
2004\18\7.bmp
M 2004 3266 32157 2004 3257 32100
2004\14\4.bmp
E 2004 3266 32154
2004\4\2.bmp
M 2004 3266 32154 2004 3266 32158
2004\4\6.bmp
M 2004 3266 32154 2004 3266 32156
2004\4\4.bmp
M 2004 3266 32154 2004 3266 32153
2004\4\1.bmp
E 2004 3266 32158
2004\4\6.bmp
M 2004 3266 32158 2004 3266 32156
2004\4\4.bmp
M 2004 3266 32158 2004 3266 32153
2004\4\1.bmp
E 2004 3266 32156
2004\4\4.bmp
M 2004 3266 32156 2004 3266 32153
2004\4\1.bmp
E 2004 3266 32153
2004\4\1.bmp
E 2004 3265 32150
2004\3\6.bmp
M 2004 3265 32150 2004 3265 32147
2004\3\3.bmp
M 2004 3265 32150 2004 3265 32152
2004\3\8.bmp
M 2004 3265 32150 2004 3265 32149
2004\3\5.bmp
M 2004 3265 32150 2004 3265 32148
2004\3\4.bmp
M 2004 3265 32150 2004 3256 32098
2004\13\8.bmp
M 2004 3265 32150 2004 3269 32174
2004\7\6.bmp
M 2004 3265 32150 2004 3271 32184
2004\9\4.bmp
M 2004 3265 32150 2004 3254 32083
2004\11\5.bmp
M 2004 3265 32150 2004 3253 32076
2004\10\4.bmp
M 2004 3265 32150 2004 3252 32072
2004\1\6.bmp
M 2004 3265 32150 2004 3261 32127
2004\18\7.bmp
M 2004 3265 32150 2004 3257 32100
2004\14\4.bmp
E 2004 3265 32147
2004\3\3.bmp
M 2004 3265 32147 2004 3265 32152
2004\3\8.bmp
M 2004 3265 32147 2004 3265 32149
2004\3\5.bmp
M 2004 3265 32147 2004 3265 32148
2004\3\4.bmp
E 2004 3265 32152
2004\3\8.bmp
M 2004 3265 32152 2004 3265 32149
2004\3\5.bmp
M 2004 3265 32152 2004 3265 32148
2004\3\4.bmp
E 2004 3265 32149
2004\3\5.bmp
M 2004 3265 32149 2004 3265 32148
2004\3\4.bmp
E 2004 3265 32148
2004\3\4.bmp
E 2004 3256 32098
2004\13\8.bmp
M 2004 3256 32098 2004 3256 32097
2004\13\7.bmp
M 2004 3256 32098 2004 3256 32096
2004\13\6.bmp
M 2004 3256 32098 2004 3256 32093
2004\13\1.bmp
M 2004 3256 32098 2004 3256 32095
2004\13\5.bmp
M 2004 3256 32098 2004 3269 32174
2004\7\6.bmp
M 2004 3256 32098 2004 3271 32184
2004\9\4.bmp
M 2004 3256 32098 2004 3254 32083
2004\11\5.bmp
M 2004 3256 32098 2004 3253 32076
2004\10\4.bmp
M 2004 3256 32098 2004 3252 32072
2004\1\6.bmp
M 2004 3256 32098 2004 3261 32127
2004\18\7.bmp
M 2004 3256 32098 2004 3257 32100
2004\14\4.bmp
E 2004 3256 32097
2004\13\7.bmp
M 2004 3256 32097 2004 3256 32096
2004\13\6.bmp
M 2004 3256 32097 2004 3256 32093
2004\13\1.bmp
M 2004 3256 32097 2004 3256 32095
2004\13\5.bmp
E 2004 3256 32096
2004\13\6.bmp
M 2004 3256 32096 2004 3256 32093
2004\13\1.bmp
M 2004 3256 32096 2004 3256 32095
2004\13\5.bmp
E 2004 3256 32093
2004\13\1.bmp
M 2004 3256 32093 2004 3256 32095
2004\13\5.bmp
E 2004 3256 32095
2004\13\5.bmp
E 2004 3269 32174
2004\7\6.bmp
M 2004 3269 32174 2004 3269 32176
2004\7\8.bmp
M 2004 3269 32174 2004 3269 32172
2004\7\4.bmp
M 2004 3269 32174 2004 3269 32175
2004\7\7.bmp
M 2004 3269 32174 2004 3269 32171
2004\7\3.bmp
M 2004 3269 32174 2004 3271 32184
2004\9\4.bmp
M 2004 3269 32174 2004 3254 32083
2004\11\5.bmp
M 2004 3269 32174 2004 3253 32076
2004\10\4.bmp
M 2004 3269 32174 2004 3252 32072
2004\1\6.bmp
M 2004 3269 32174 2004 3261 32127
2004\18\7.bmp
M 2004 3269 32174 2004 3257 32100
2004\14\4.bmp
E 2004 3269 32176
2004\7\8.bmp
M 2004 3269 32176 2004 3269 32172
2004\7\4.bmp
M 2004 3269 32176 2004 3269 32175
2004\7\7.bmp
M 2004 3269 32176 2004 3269 32171
2004\7\3.bmp
E 2004 3269 32172
2004\7\4.bmp
M 2004 3269 32172 2004 3269 32175
2004\7\7.bmp
M 2004 3269 32172 2004 3269 32171
2004\7\3.bmp
E 2004 3269 32175
2004\7\7.bmp
M 2004 3269 32175 2004 3269 32171
2004\7\3.bmp
E 2004 3269 32171
2004\7\3.bmp
E 2004 3271 32184
2004\9\4.bmp
M 2004 3271 32184 2004 3271 32183
2004\9\1.bmp
M 2004 3271 32184 2004 3271 32188
2004\9\8.bmp
M 2004 3271 32184 2004 3271 32186
2004\9\6.bmp
M 2004 3271 32184 2004 3271 32187
2004\9\7.bmp
M 2004 3271 32184 2004 3254 32083
2004\11\5.bmp
M 2004 3271 32184 2004 3253 32076
2004\10\4.bmp
M 2004 3271 32184 2004 3252 32072
2004\1\6.bmp
M 2004 3271 32184 2004 3261 32127
2004\18\7.bmp
M 2004 3271 32184 2004 3257 32100
2004\14\4.bmp
E 2004 3271 32183
2004\9\1.bmp
M 2004 3271 32183 2004 3271 32188
2004\9\8.bmp
M 2004 3271 32183 2004 3271 32186
2004\9\6.bmp
M 2004 3271 32183 2004 3271 32187
2004\9\7.bmp
E 2004 3271 32188
2004\9\8.bmp
M 2004 3271 32188 2004 3271 32186
2004\9\6.bmp
M 2004 3271 32188 2004 3271 32187
2004\9\7.bmp
E 2004 3271 32186
2004\9\6.bmp
M 2004 3271 32186 2004 3271 32187
2004\9\7.bmp
E 2004 3271 32187
2004\9\7.bmp
E 2004 3254 32083
2004\11\5.bmp
M 2004 3254 32083 2004 3254 32081
2004\11\1.bmp
M 2004 3254 32083 2004 3254 32082
2004\11\4.bmp
M 2004 3254 32083 2004 3254 32084
2004\11\6.bmp
M 2004 3254 32083 2004 3254 32086
2004\11\8.bmp
M 2004 3254 32083 2004 3253 32076
2004\10\4.bmp
M 2004 3254 32083 2004 3252 32072
2004\1\6.bmp
M 2004 3254 32083 2004 3261 32127
2004\18\7.bmp
M 2004 3254 32083 2004 3257 32100
2004\14\4.bmp
E 2004 3254 32081
2004\11\1.bmp
M 2004 3254 32081 2004 3254 32082
2004\11\4.bmp
M 2004 3254 32081 2004 3254 32084
2004\11\6.bmp
M 2004 3254 32081 2004 3254 32086
2004\11\8.bmp
E 2004 3254 32082
2004\11\4.bmp
M 2004 3254 32082 2004 3254 32084
2004\11\6.bmp
M 2004 3254 32082 2004 3254 32086
2004\11\8.bmp
E 2004 3254 32084
2004\11\6.bmp
M 2004 3254 32084 2004 3254 32086
2004\11\8.bmp
E 2004 3254 32086
2004\11\8.bmp
E 2004 3253 32076
2004\10\4.bmp
M 2004 3253 32076 2004 3253 32079
2004\10\7.bmp
M 2004 3253 32076 2004 3253 32077
2004\10\5.bmp
M 2004 3253 32076 2004 3253 32078
2004\10\6.bmp
M 2004 3253 32076 2004 3253 32080
2004\10\8.bmp
M 2004 3253 32076 2004 3252 32072
2004\1\6.bmp
M 2004 3253 32076 2004 3261 32127
2004\18\7.bmp
M 2004 3253 32076 2004 3257 32100
2004\14\4.bmp
E 2004 3253 32079
2004\10\7.bmp
M 2004 3253 32079 2004 3253 32077
2004\10\5.bmp
M 2004 3253 32079 2004 3253 32078
2004\10\6.bmp
M 2004 3253 32079 2004 3253 32080
2004\10\8.bmp
E 2004 3253 32077
2004\10\5.bmp
M 2004 3253 32077 2004 3253 32078
2004\10\6.bmp
M 2004 3253 32077 2004 3253 32080
2004\10\8.bmp
E 2004 3253 32078
2004\10\6.bmp
M 2004 3253 32078 2004 3253 32080
2004\10\8.bmp
E 2004 3253 32080
2004\10\8.bmp
E 2004 3252 32072
2004\1\6.bmp
M 2004 3252 32072 2004 3252 32074
2004\1\8.bmp
M 2004 3252 32072 2004 3252 32070
2004\1\4.bmp
M 2004 3252 32072 2004 3252 32073
2004\1\7.bmp
M 2004 3252 32072 2004 3252 32071
2004\1\5.bmp
M 2004 3252 32072 2004 3261 32127
2004\18\7.bmp
M 2004 3252 32072 2004 3257 32100
2004\14\4.bmp
E 2004 3252 32074
2004\1\8.bmp
M 2004 3252 32074 2004 3252 32070
2004\1\4.bmp
M 2004 3252 32074 2004 3252 32073
2004\1\7.bmp
M 2004 3252 32074 2004 3252 32071
2004\1\5.bmp
E 2004 3252 32070
2004\1\4.bmp
M 2004 3252 32070 2004 3252 32073
2004\1\7.bmp
M 2004 3252 32070 2004 3252 32071
2004\1\5.bmp
E 2004 3252 32073
2004\1\7.bmp
M 2004 3252 32073 2004 3252 32071
2004\1\5.bmp
E 2004 3252 32071
2004\1\5.bmp
E 2004 3261 32127
2004\18\7.bmp
M 2004 3261 32127 2004 3261 32123
2004\18\1.bmp
M 2004 3261 32127 2004 3261 32125
2004\18\5.bmp
M 2004 3261 32127 2004 3261 32124
2004\18\4.bmp
M 2004 3261 32127 2004 3261 32128
2004\18\8.bmp
M 2004 3261 32127 2004 3257 32100
2004\14\4.bmp
E 2004 3261 32123
2004\18\1.bmp
M 2004 3261 32123 2004 3261 32125
2004\18\5.bmp
M 2004 3261 32123 2004 3261 32124
2004\18\4.bmp
M 2004 3261 32123 2004 3261 32128
2004\18\8.bmp
E 2004 3261 32125
2004\18\5.bmp
M 2004 3261 32125 2004 3261 32124
2004\18\4.bmp
M 2004 3261 32125 2004 3261 32128
2004\18\8.bmp
E 2004 3261 32124
2004\18\4.bmp
M 2004 3261 32124 2004 3261 32128
2004\18\8.bmp
E 2004 3261 32128
2004\18\8.bmp
E 2004 3257 32100
2004\14\4.bmp
M 2004 3257 32100 2004 3257 32103
2004\14\7.bmp
M 2004 3257 32100 2004 3257 32101
2004\14\5.bmp
M 2004 3257 32100 2004 3257 32104
2004\14\8.bmp
M 2004 3257 32100 2004 3257 32099
2004\14\1.bmp
E 2004 3257 32103
2004\14\7.bmp
M 2004 3257 32103 2004 3257 32101
2004\14\5.bmp
M 2004 3257 32103 2004 3257 32104
2004\14\8.bmp
M 2004 3257 32103 2004 3257 32099
2004\14\1.bmp
E 2004 3257 32101
2004\14\5.bmp
M 2004 3257 32101 2004 3257 32104
2004\14\8.bmp
M 2004 3257 32101 2004 3257 32099
2004\14\1.bmp
E 2004 3257 32104
2004\14\8.bmp
M 2004 3257 32104 2004 3257 32099
2004\14\1.bmp
E 2004 3257 32099
2004\14\1.bmp
