391
E 2010 3348 32570
2010\11\2.bmp
M 2010 3348 32570 2010 3348 32571
2010\11\3.bmp
M 2010 3348 32570 2010 3348 32572
2010\11\4.bmp
M 2010 3348 32570 2010 3348 32569
2010\11\1.bmp
M 2010 3348 32570 2010 3348 32573
2010\11\5.bmp
M 2010 3348 32570 2010 3351 32586
2010\14\3.bmp
M 2010 3348 32570 2010 3356 32612
2010\3\4.bmp
M 2010 3348 32570 2010 3353 32598
2010\16\5.bmp
M 2010 3348 32570 2010 3349 32578
2010\12\5.bmp
M 2010 3348 32570 2010 3360 32630
2010\7\2.bmp
M 2010 3348 32570 2010 3362 32640
2010\9\2.bmp
M 2010 3348 32570 2010 3352 32589
2010\15\1.bmp
M 2010 3348 32570 2010 3346 32563
2010\1\5.bmp
M 2010 3348 32570 2010 3361 32634
2010\8\1.bmp
M 2010 3348 32570 2010 3350 32581
2010\13\3.bmp
M 2010 3348 32570 2010 3355 32606
2010\2\3.bmp
M 2010 3348 32570 2010 3354 32600
2010\17\2.bmp
M 2010 3348 32570 2010 3359 32625
2010\6\2.bmp
M 2010 3348 32570 2010 3357 32614
2010\4\1.bmp
M 2010 3348 32570 2010 3358 32621
2010\5\3.bmp
M 2010 3348 32570 2010 3347 32568
2010\10\5.bmp
E 2010 3348 32571
2010\11\3.bmp
M 2010 3348 32571 2010 3348 32572
2010\11\4.bmp
M 2010 3348 32571 2010 3348 32569
2010\11\1.bmp
M 2010 3348 32571 2010 3348 32573
2010\11\5.bmp
E 2010 3348 32572
2010\11\4.bmp
M 2010 3348 32572 2010 3348 32569
2010\11\1.bmp
M 2010 3348 32572 2010 3348 32573
2010\11\5.bmp
E 2010 3348 32569
2010\11\1.bmp
M 2010 3348 32569 2010 3348 32573
2010\11\5.bmp
E 2010 3348 32573
2010\11\5.bmp
E 2010 3351 32586
2010\14\3.bmp
M 2010 3351 32586 2010 3351 32585
2010\14\2.bmp
M 2010 3351 32586 2010 3351 32588
2010\14\5.bmp
M 2010 3351 32586 2010 3351 32587
2010\14\4.bmp
M 2010 3351 32586 2010 3351 32584
2010\14\1.bmp
M 2010 3351 32586 2010 3356 32612
2010\3\4.bmp
M 2010 3351 32586 2010 3353 32598
2010\16\5.bmp
M 2010 3351 32586 2010 3349 32578
2010\12\5.bmp
M 2010 3351 32586 2010 3360 32630
2010\7\2.bmp
M 2010 3351 32586 2010 3362 32640
2010\9\2.bmp
M 2010 3351 32586 2010 3352 32589
2010\15\1.bmp
M 2010 3351 32586 2010 3346 32563
2010\1\5.bmp
M 2010 3351 32586 2010 3361 32634
2010\8\1.bmp
M 2010 3351 32586 2010 3350 32581
2010\13\3.bmp
M 2010 3351 32586 2010 3355 32606
2010\2\3.bmp
M 2010 3351 32586 2010 3354 32600
2010\17\2.bmp
M 2010 3351 32586 2010 3359 32625
2010\6\2.bmp
M 2010 3351 32586 2010 3357 32614
2010\4\1.bmp
M 2010 3351 32586 2010 3358 32621
2010\5\3.bmp
M 2010 3351 32586 2010 3347 32568
2010\10\5.bmp
E 2010 3351 32585
2010\14\2.bmp
M 2010 3351 32585 2010 3351 32588
2010\14\5.bmp
M 2010 3351 32585 2010 3351 32587
2010\14\4.bmp
M 2010 3351 32585 2010 3351 32584
2010\14\1.bmp
E 2010 3351 32588
2010\14\5.bmp
M 2010 3351 32588 2010 3351 32587
2010\14\4.bmp
M 2010 3351 32588 2010 3351 32584
2010\14\1.bmp
E 2010 3351 32587
2010\14\4.bmp
M 2010 3351 32587 2010 3351 32584
2010\14\1.bmp
E 2010 3351 32584
2010\14\1.bmp
E 2010 3356 32612
2010\3\4.bmp
M 2010 3356 32612 2010 3356 32613
2010\3\5.bmp
M 2010 3356 32612 2010 3356 32611
2010\3\3.bmp
M 2010 3356 32612 2010 3356 32610
2010\3\2.bmp
M 2010 3356 32612 2010 3356 32609
2010\3\1.bmp
M 2010 3356 32612 2010 3353 32598
2010\16\5.bmp
M 2010 3356 32612 2010 3349 32578
2010\12\5.bmp
M 2010 3356 32612 2010 3360 32630
2010\7\2.bmp
M 2010 3356 32612 2010 3362 32640
2010\9\2.bmp
M 2010 3356 32612 2010 3352 32589
2010\15\1.bmp
M 2010 3356 32612 2010 3346 32563
2010\1\5.bmp
M 2010 3356 32612 2010 3361 32634
2010\8\1.bmp
M 2010 3356 32612 2010 3350 32581
2010\13\3.bmp
M 2010 3356 32612 2010 3355 32606
2010\2\3.bmp
M 2010 3356 32612 2010 3354 32600
2010\17\2.bmp
M 2010 3356 32612 2010 3359 32625
2010\6\2.bmp
M 2010 3356 32612 2010 3357 32614
2010\4\1.bmp
M 2010 3356 32612 2010 3358 32621
2010\5\3.bmp
M 2010 3356 32612 2010 3347 32568
2010\10\5.bmp
E 2010 3356 32613
2010\3\5.bmp
M 2010 3356 32613 2010 3356 32611
2010\3\3.bmp
M 2010 3356 32613 2010 3356 32610
2010\3\2.bmp
M 2010 3356 32613 2010 3356 32609
2010\3\1.bmp
E 2010 3356 32611
2010\3\3.bmp
M 2010 3356 32611 2010 3356 32610
2010\3\2.bmp
M 2010 3356 32611 2010 3356 32609
2010\3\1.bmp
E 2010 3356 32610
2010\3\2.bmp
M 2010 3356 32610 2010 3356 32609
2010\3\1.bmp
E 2010 3356 32609
2010\3\1.bmp
E 2010 3353 32598
2010\16\5.bmp
M 2010 3353 32598 2010 3353 32596
2010\16\3.bmp
M 2010 3353 32598 2010 3353 32594
2010\16\1.bmp
M 2010 3353 32598 2010 3353 32595
2010\16\2.bmp
M 2010 3353 32598 2010 3353 32597
2010\16\4.bmp
M 2010 3353 32598 2010 3349 32578
2010\12\5.bmp
M 2010 3353 32598 2010 3360 32630
2010\7\2.bmp
M 2010 3353 32598 2010 3362 32640
2010\9\2.bmp
M 2010 3353 32598 2010 3352 32589
2010\15\1.bmp
M 2010 3353 32598 2010 3346 32563
2010\1\5.bmp
M 2010 3353 32598 2010 3361 32634
2010\8\1.bmp
M 2010 3353 32598 2010 3350 32581
2010\13\3.bmp
M 2010 3353 32598 2010 3355 32606
2010\2\3.bmp
M 2010 3353 32598 2010 3354 32600
2010\17\2.bmp
M 2010 3353 32598 2010 3359 32625
2010\6\2.bmp
M 2010 3353 32598 2010 3357 32614
2010\4\1.bmp
M 2010 3353 32598 2010 3358 32621
2010\5\3.bmp
M 2010 3353 32598 2010 3347 32568
2010\10\5.bmp
E 2010 3353 32596
2010\16\3.bmp
M 2010 3353 32596 2010 3353 32594
2010\16\1.bmp
M 2010 3353 32596 2010 3353 32595
2010\16\2.bmp
M 2010 3353 32596 2010 3353 32597
2010\16\4.bmp
E 2010 3353 32594
2010\16\1.bmp
M 2010 3353 32594 2010 3353 32595
2010\16\2.bmp
M 2010 3353 32594 2010 3353 32597
2010\16\4.bmp
E 2010 3353 32595
2010\16\2.bmp
M 2010 3353 32595 2010 3353 32597
2010\16\4.bmp
E 2010 3353 32597
2010\16\4.bmp
E 2010 3349 32578
2010\12\5.bmp
M 2010 3349 32578 2010 3349 32575
2010\12\2.bmp
M 2010 3349 32578 2010 3349 32574
2010\12\1.bmp
M 2010 3349 32578 2010 3349 32576
2010\12\3.bmp
M 2010 3349 32578 2010 3349 32577
2010\12\4.bmp
M 2010 3349 32578 2010 3360 32630
2010\7\2.bmp
M 2010 3349 32578 2010 3362 32640
2010\9\2.bmp
M 2010 3349 32578 2010 3352 32589
2010\15\1.bmp
M 2010 3349 32578 2010 3346 32563
2010\1\5.bmp
M 2010 3349 32578 2010 3361 32634
2010\8\1.bmp
M 2010 3349 32578 2010 3350 32581
2010\13\3.bmp
M 2010 3349 32578 2010 3355 32606
2010\2\3.bmp
M 2010 3349 32578 2010 3354 32600
2010\17\2.bmp
M 2010 3349 32578 2010 3359 32625
2010\6\2.bmp
M 2010 3349 32578 2010 3357 32614
2010\4\1.bmp
M 2010 3349 32578 2010 3358 32621
2010\5\3.bmp
M 2010 3349 32578 2010 3347 32568
2010\10\5.bmp
E 2010 3349 32575
2010\12\2.bmp
M 2010 3349 32575 2010 3349 32574
2010\12\1.bmp
M 2010 3349 32575 2010 3349 32576
2010\12\3.bmp
M 2010 3349 32575 2010 3349 32577
2010\12\4.bmp
E 2010 3349 32574
2010\12\1.bmp
M 2010 3349 32574 2010 3349 32576
2010\12\3.bmp
M 2010 3349 32574 2010 3349 32577
2010\12\4.bmp
E 2010 3349 32576
2010\12\3.bmp
M 2010 3349 32576 2010 3349 32577
2010\12\4.bmp
E 2010 3349 32577
2010\12\4.bmp
E 2010 3360 32630
2010\7\2.bmp
M 2010 3360 32630 2010 3360 32629
2010\7\1.bmp
M 2010 3360 32630 2010 3360 32632
2010\7\4.bmp
M 2010 3360 32630 2010 3360 32633
2010\7\5.bmp
M 2010 3360 32630 2010 3360 32631
2010\7\3.bmp
M 2010 3360 32630 2010 3362 32640
2010\9\2.bmp
M 2010 3360 32630 2010 3352 32589
2010\15\1.bmp
M 2010 3360 32630 2010 3346 32563
2010\1\5.bmp
M 2010 3360 32630 2010 3361 32634
2010\8\1.bmp
M 2010 3360 32630 2010 3350 32581
2010\13\3.bmp
M 2010 3360 32630 2010 3355 32606
2010\2\3.bmp
M 2010 3360 32630 2010 3354 32600
2010\17\2.bmp
M 2010 3360 32630 2010 3359 32625
2010\6\2.bmp
M 2010 3360 32630 2010 3357 32614
2010\4\1.bmp
M 2010 3360 32630 2010 3358 32621
2010\5\3.bmp
M 2010 3360 32630 2010 3347 32568
2010\10\5.bmp
E 2010 3360 32629
2010\7\1.bmp
M 2010 3360 32629 2010 3360 32632
2010\7\4.bmp
M 2010 3360 32629 2010 3360 32633
2010\7\5.bmp
M 2010 3360 32629 2010 3360 32631
2010\7\3.bmp
E 2010 3360 32632
2010\7\4.bmp
M 2010 3360 32632 2010 3360 32633
2010\7\5.bmp
M 2010 3360 32632 2010 3360 32631
2010\7\3.bmp
E 2010 3360 32633
2010\7\5.bmp
M 2010 3360 32633 2010 3360 32631
2010\7\3.bmp
E 2010 3360 32631
2010\7\3.bmp
E 2010 3362 32640
2010\9\2.bmp
M 2010 3362 32640 2010 3362 32643
2010\9\5.bmp
M 2010 3362 32640 2010 3362 32639
2010\9\1.bmp
M 2010 3362 32640 2010 3362 32642
2010\9\4.bmp
M 2010 3362 32640 2010 3362 32641
2010\9\3.bmp
M 2010 3362 32640 2010 3352 32589
2010\15\1.bmp
M 2010 3362 32640 2010 3346 32563
2010\1\5.bmp
M 2010 3362 32640 2010 3361 32634
2010\8\1.bmp
M 2010 3362 32640 2010 3350 32581
2010\13\3.bmp
M 2010 3362 32640 2010 3355 32606
2010\2\3.bmp
M 2010 3362 32640 2010 3354 32600
2010\17\2.bmp
M 2010 3362 32640 2010 3359 32625
2010\6\2.bmp
M 2010 3362 32640 2010 3357 32614
2010\4\1.bmp
M 2010 3362 32640 2010 3358 32621
2010\5\3.bmp
M 2010 3362 32640 2010 3347 32568
2010\10\5.bmp
E 2010 3362 32643
2010\9\5.bmp
M 2010 3362 32643 2010 3362 32639
2010\9\1.bmp
M 2010 3362 32643 2010 3362 32642
2010\9\4.bmp
M 2010 3362 32643 2010 3362 32641
2010\9\3.bmp
E 2010 3362 32639
2010\9\1.bmp
M 2010 3362 32639 2010 3362 32642
2010\9\4.bmp
M 2010 3362 32639 2010 3362 32641
2010\9\3.bmp
E 2010 3362 32642
2010\9\4.bmp
M 2010 3362 32642 2010 3362 32641
2010\9\3.bmp
E 2010 3362 32641
2010\9\3.bmp
E 2010 3352 32589
2010\15\1.bmp
M 2010 3352 32589 2010 3352 32593
2010\15\5.bmp
M 2010 3352 32589 2010 3352 32592
2010\15\4.bmp
M 2010 3352 32589 2010 3352 32590
2010\15\2.bmp
M 2010 3352 32589 2010 3352 32591
2010\15\3.bmp
M 2010 3352 32589 2010 3346 32563
2010\1\5.bmp
M 2010 3352 32589 2010 3361 32634
2010\8\1.bmp
M 2010 3352 32589 2010 3350 32581
2010\13\3.bmp
M 2010 3352 32589 2010 3355 32606
2010\2\3.bmp
M 2010 3352 32589 2010 3354 32600
2010\17\2.bmp
M 2010 3352 32589 2010 3359 32625
2010\6\2.bmp
M 2010 3352 32589 2010 3357 32614
2010\4\1.bmp
M 2010 3352 32589 2010 3358 32621
2010\5\3.bmp
M 2010 3352 32589 2010 3347 32568
2010\10\5.bmp
E 2010 3352 32593
2010\15\5.bmp
M 2010 3352 32593 2010 3352 32592
2010\15\4.bmp
M 2010 3352 32593 2010 3352 32590
2010\15\2.bmp
M 2010 3352 32593 2010 3352 32591
2010\15\3.bmp
E 2010 3352 32592
2010\15\4.bmp
M 2010 3352 32592 2010 3352 32590
2010\15\2.bmp
M 2010 3352 32592 2010 3352 32591
2010\15\3.bmp
E 2010 3352 32590
2010\15\2.bmp
M 2010 3352 32590 2010 3352 32591
2010\15\3.bmp
E 2010 3352 32591
2010\15\3.bmp
E 2010 3346 32563
2010\1\5.bmp
M 2010 3346 32563 2010 3346 32559
2010\1\1.bmp
M 2010 3346 32563 2010 3346 32561
2010\1\3.bmp
M 2010 3346 32563 2010 3346 32562
2010\1\4.bmp
M 2010 3346 32563 2010 3346 32560
2010\1\2.bmp
M 2010 3346 32563 2010 3361 32634
2010\8\1.bmp
M 2010 3346 32563 2010 3350 32581
2010\13\3.bmp
M 2010 3346 32563 2010 3355 32606
2010\2\3.bmp
M 2010 3346 32563 2010 3354 32600
2010\17\2.bmp
M 2010 3346 32563 2010 3359 32625
2010\6\2.bmp
M 2010 3346 32563 2010 3357 32614
2010\4\1.bmp
M 2010 3346 32563 2010 3358 32621
2010\5\3.bmp
M 2010 3346 32563 2010 3347 32568
2010\10\5.bmp
E 2010 3346 32559
2010\1\1.bmp
M 2010 3346 32559 2010 3346 32561
2010\1\3.bmp
M 2010 3346 32559 2010 3346 32562
2010\1\4.bmp
M 2010 3346 32559 2010 3346 32560
2010\1\2.bmp
E 2010 3346 32561
2010\1\3.bmp
M 2010 3346 32561 2010 3346 32562
2010\1\4.bmp
M 2010 3346 32561 2010 3346 32560
2010\1\2.bmp
E 2010 3346 32562
2010\1\4.bmp
M 2010 3346 32562 2010 3346 32560
2010\1\2.bmp
E 2010 3346 32560
2010\1\2.bmp
E 2010 3361 32634
2010\8\1.bmp
M 2010 3361 32634 2010 3361 32636
2010\8\3.bmp
M 2010 3361 32634 2010 3361 32638
2010\8\5.bmp
M 2010 3361 32634 2010 3361 32635
2010\8\2.bmp
M 2010 3361 32634 2010 3361 32637
2010\8\4.bmp
M 2010 3361 32634 2010 3350 32581
2010\13\3.bmp
M 2010 3361 32634 2010 3355 32606
2010\2\3.bmp
M 2010 3361 32634 2010 3354 32600
2010\17\2.bmp
M 2010 3361 32634 2010 3359 32625
2010\6\2.bmp
M 2010 3361 32634 2010 3357 32614
2010\4\1.bmp
M 2010 3361 32634 2010 3358 32621
2010\5\3.bmp
M 2010 3361 32634 2010 3347 32568
2010\10\5.bmp
E 2010 3361 32636
2010\8\3.bmp
M 2010 3361 32636 2010 3361 32638
2010\8\5.bmp
M 2010 3361 32636 2010 3361 32635
2010\8\2.bmp
M 2010 3361 32636 2010 3361 32637
2010\8\4.bmp
E 2010 3361 32638
2010\8\5.bmp
M 2010 3361 32638 2010 3361 32635
2010\8\2.bmp
M 2010 3361 32638 2010 3361 32637
2010\8\4.bmp
E 2010 3361 32635
2010\8\2.bmp
M 2010 3361 32635 2010 3361 32637
2010\8\4.bmp
E 2010 3361 32637
2010\8\4.bmp
E 2010 3350 32581
2010\13\3.bmp
M 2010 3350 32581 2010 3350 32583
2010\13\5.bmp
M 2010 3350 32581 2010 3350 32579
2010\13\1.bmp
M 2010 3350 32581 2010 3350 32580
2010\13\2.bmp
M 2010 3350 32581 2010 3350 32582
2010\13\4.bmp
M 2010 3350 32581 2010 3355 32606
2010\2\3.bmp
M 2010 3350 32581 2010 3354 32600
2010\17\2.bmp
M 2010 3350 32581 2010 3359 32625
2010\6\2.bmp
M 2010 3350 32581 2010 3357 32614
2010\4\1.bmp
M 2010 3350 32581 2010 3358 32621
2010\5\3.bmp
M 2010 3350 32581 2010 3347 32568
2010\10\5.bmp
E 2010 3350 32583
2010\13\5.bmp
M 2010 3350 32583 2010 3350 32579
2010\13\1.bmp
M 2010 3350 32583 2010 3350 32580
2010\13\2.bmp
M 2010 3350 32583 2010 3350 32582
2010\13\4.bmp
E 2010 3350 32579
2010\13\1.bmp
M 2010 3350 32579 2010 3350 32580
2010\13\2.bmp
M 2010 3350 32579 2010 3350 32582
2010\13\4.bmp
E 2010 3350 32580
2010\13\2.bmp
M 2010 3350 32580 2010 3350 32582
2010\13\4.bmp
E 2010 3350 32582
2010\13\4.bmp
E 2010 3355 32606
2010\2\3.bmp
M 2010 3355 32606 2010 3355 32607
2010\2\4.bmp
M 2010 3355 32606 2010 3355 32608
2010\2\5.bmp
M 2010 3355 32606 2010 3355 32605
2010\2\2.bmp
M 2010 3355 32606 2010 3355 32604
2010\2\1.bmp
M 2010 3355 32606 2010 3354 32600
2010\17\2.bmp
M 2010 3355 32606 2010 3359 32625
2010\6\2.bmp
M 2010 3355 32606 2010 3357 32614
2010\4\1.bmp
M 2010 3355 32606 2010 3358 32621
2010\5\3.bmp
M 2010 3355 32606 2010 3347 32568
2010\10\5.bmp
E 2010 3355 32607
2010\2\4.bmp
M 2010 3355 32607 2010 3355 32608
2010\2\5.bmp
M 2010 3355 32607 2010 3355 32605
2010\2\2.bmp
M 2010 3355 32607 2010 3355 32604
2010\2\1.bmp
E 2010 3355 32608
2010\2\5.bmp
M 2010 3355 32608 2010 3355 32605
2010\2\2.bmp
M 2010 3355 32608 2010 3355 32604
2010\2\1.bmp
E 2010 3355 32605
2010\2\2.bmp
M 2010 3355 32605 2010 3355 32604
2010\2\1.bmp
E 2010 3355 32604
2010\2\1.bmp
E 2010 3354 32600
2010\17\2.bmp
M 2010 3354 32600 2010 3354 32602
2010\17\4.bmp
M 2010 3354 32600 2010 3354 32603
2010\17\5.bmp
M 2010 3354 32600 2010 3354 32599
2010\17\1.bmp
M 2010 3354 32600 2010 3354 32601
2010\17\3.bmp
M 2010 3354 32600 2010 3359 32625
2010\6\2.bmp
M 2010 3354 32600 2010 3357 32614
2010\4\1.bmp
M 2010 3354 32600 2010 3358 32621
2010\5\3.bmp
M 2010 3354 32600 2010 3347 32568
2010\10\5.bmp
E 2010 3354 32602
2010\17\4.bmp
M 2010 3354 32602 2010 3354 32603
2010\17\5.bmp
M 2010 3354 32602 2010 3354 32599
2010\17\1.bmp
M 2010 3354 32602 2010 3354 32601
2010\17\3.bmp
E 2010 3354 32603
2010\17\5.bmp
M 2010 3354 32603 2010 3354 32599
2010\17\1.bmp
M 2010 3354 32603 2010 3354 32601
2010\17\3.bmp
E 2010 3354 32599
2010\17\1.bmp
M 2010 3354 32599 2010 3354 32601
2010\17\3.bmp
E 2010 3354 32601
2010\17\3.bmp
E 2010 3359 32625
2010\6\2.bmp
M 2010 3359 32625 2010 3359 32624
2010\6\1.bmp
M 2010 3359 32625 2010 3359 32628
2010\6\5.bmp
M 2010 3359 32625 2010 3359 32627
2010\6\4.bmp
M 2010 3359 32625 2010 3359 32626
2010\6\3.bmp
M 2010 3359 32625 2010 3357 32614
2010\4\1.bmp
M 2010 3359 32625 2010 3358 32621
2010\5\3.bmp
M 2010 3359 32625 2010 3347 32568
2010\10\5.bmp
E 2010 3359 32624
2010\6\1.bmp
M 2010 3359 32624 2010 3359 32628
2010\6\5.bmp
M 2010 3359 32624 2010 3359 32627
2010\6\4.bmp
M 2010 3359 32624 2010 3359 32626
2010\6\3.bmp
E 2010 3359 32628
2010\6\5.bmp
M 2010 3359 32628 2010 3359 32627
2010\6\4.bmp
M 2010 3359 32628 2010 3359 32626
2010\6\3.bmp
E 2010 3359 32627
2010\6\4.bmp
M 2010 3359 32627 2010 3359 32626
2010\6\3.bmp
E 2010 3359 32626
2010\6\3.bmp
E 2010 3357 32614
2010\4\1.bmp
M 2010 3357 32614 2010 3357 32616
2010\4\3.bmp
M 2010 3357 32614 2010 3357 32617
2010\4\4.bmp
M 2010 3357 32614 2010 3357 32615
2010\4\2.bmp
M 2010 3357 32614 2010 3357 32618
2010\4\5.bmp
M 2010 3357 32614 2010 3358 32621
2010\5\3.bmp
M 2010 3357 32614 2010 3347 32568
2010\10\5.bmp
E 2010 3357 32616
2010\4\3.bmp
M 2010 3357 32616 2010 3357 32617
2010\4\4.bmp
M 2010 3357 32616 2010 3357 32615
2010\4\2.bmp
M 2010 3357 32616 2010 3357 32618
2010\4\5.bmp
E 2010 3357 32617
2010\4\4.bmp
M 2010 3357 32617 2010 3357 32615
2010\4\2.bmp
M 2010 3357 32617 2010 3357 32618
2010\4\5.bmp
E 2010 3357 32615
2010\4\2.bmp
M 2010 3357 32615 2010 3357 32618
2010\4\5.bmp
E 2010 3357 32618
2010\4\5.bmp
E 2010 3358 32621
2010\5\3.bmp
M 2010 3358 32621 2010 3358 32622
2010\5\4.bmp
M 2010 3358 32621 2010 3358 32620
2010\5\2.bmp
M 2010 3358 32621 2010 3358 32619
2010\5\1.bmp
M 2010 3358 32621 2010 3358 32623
2010\5\5.bmp
M 2010 3358 32621 2010 3347 32568
2010\10\5.bmp
E 2010 3358 32622
2010\5\4.bmp
M 2010 3358 32622 2010 3358 32620
2010\5\2.bmp
M 2010 3358 32622 2010 3358 32619
2010\5\1.bmp
M 2010 3358 32622 2010 3358 32623
2010\5\5.bmp
E 2010 3358 32620
2010\5\2.bmp
M 2010 3358 32620 2010 3358 32619
2010\5\1.bmp
M 2010 3358 32620 2010 3358 32623
2010\5\5.bmp
E 2010 3358 32619
2010\5\1.bmp
M 2010 3358 32619 2010 3358 32623
2010\5\5.bmp
E 2010 3358 32623
2010\5\5.bmp
E 2010 3347 32568
2010\10\5.bmp
M 2010 3347 32568 2010 3347 32564
2010\10\1.bmp
M 2010 3347 32568 2010 3347 32565
2010\10\2.bmp
M 2010 3347 32568 2010 3347 32566
2010\10\3.bmp
M 2010 3347 32568 2010 3347 32567
2010\10\4.bmp
E 2010 3347 32564
2010\10\1.bmp
M 2010 3347 32564 2010 3347 32565
2010\10\2.bmp
M 2010 3347 32564 2010 3347 32566
2010\10\3.bmp
M 2010 3347 32564 2010 3347 32567
2010\10\4.bmp
E 2010 3347 32565
2010\10\2.bmp
M 2010 3347 32565 2010 3347 32566
2010\10\3.bmp
M 2010 3347 32565 2010 3347 32567
2010\10\4.bmp
E 2010 3347 32566
2010\10\3.bmp
M 2010 3347 32566 2010 3347 32567
2010\10\4.bmp
E 2010 3347 32567
2010\10\4.bmp
