490
E 2007 3303 32347
2007\2\4.bmp
M 2007 3303 32347 2007 3303 32345
2007\2\2.bmp
M 2007 3303 32347 2007 3303 32344
2007\2\1.bmp
M 2007 3303 32347 2007 3303 32348
2007\2\5.bmp
M 2007 3303 32347 2007 3303 32346
2007\2\3.bmp
M 2007 3303 32347 2007 3307 32368
2007\5\5.bmp
M 2007 3303 32347 2007 3306 32360
2007\4\2.bmp
M 2007 3303 32347 2007 3294 32301
2007\11\3.bmp
M 2007 3303 32347 2007 3296 32312
2007\13\4.bmp
M 2007 3303 32347 2007 3302 32340
2007\19\2.bmp
M 2007 3303 32347 2007 3298 32323
2007\15\5.bmp
M 2007 3303 32347 2007 3295 32307
2007\12\4.bmp
M 2007 3303 32347 2007 3311 32385
2007\9\2.bmp
M 2007 3303 32347 2007 3308 32372
2007\6\4.bmp
M 2007 3303 32347 2007 3299 32324
2007\16\1.bmp
M 2007 3303 32347 2007 3297 32316
2007\14\3.bmp
M 2007 3303 32347 2007 3305 32357
2007\3\4.bmp
M 2007 3303 32347 2007 3292 32289
2007\1\1.bmp
M 2007 3303 32347 2007 3301 32335
2007\18\2.bmp
M 2007 3303 32347 2007 3304 32352
2007\20\4.bmp
M 2007 3303 32347 2007 3300 32332
2007\17\4.bmp
M 2007 3303 32347 2007 3293 32295
2007\10\2.bmp
M 2007 3303 32347 2007 3310 32379
2007\8\1.bmp
M 2007 3303 32347 2007 3309 32378
2007\7\5.bmp
E 2007 3303 32345
2007\2\2.bmp
M 2007 3303 32345 2007 3303 32344
2007\2\1.bmp
M 2007 3303 32345 2007 3303 32348
2007\2\5.bmp
M 2007 3303 32345 2007 3303 32346
2007\2\3.bmp
E 2007 3303 32344
2007\2\1.bmp
M 2007 3303 32344 2007 3303 32348
2007\2\5.bmp
M 2007 3303 32344 2007 3303 32346
2007\2\3.bmp
E 2007 3303 32348
2007\2\5.bmp
M 2007 3303 32348 2007 3303 32346
2007\2\3.bmp
E 2007 3303 32346
2007\2\3.bmp
E 2007 3307 32368
2007\5\5.bmp
M 2007 3307 32368 2007 3307 32367
2007\5\4.bmp
M 2007 3307 32368 2007 3307 32366
2007\5\3.bmp
M 2007 3307 32368 2007 3307 32364
2007\5\1.bmp
M 2007 3307 32368 2007 3307 32365
2007\5\2.bmp
M 2007 3307 32368 2007 3306 32360
2007\4\2.bmp
M 2007 3307 32368 2007 3294 32301
2007\11\3.bmp
M 2007 3307 32368 2007 3296 32312
2007\13\4.bmp
M 2007 3307 32368 2007 3302 32340
2007\19\2.bmp
M 2007 3307 32368 2007 3298 32323
2007\15\5.bmp
M 2007 3307 32368 2007 3295 32307
2007\12\4.bmp
M 2007 3307 32368 2007 3311 32385
2007\9\2.bmp
M 2007 3307 32368 2007 3308 32372
2007\6\4.bmp
M 2007 3307 32368 2007 3299 32324
2007\16\1.bmp
M 2007 3307 32368 2007 3297 32316
2007\14\3.bmp
M 2007 3307 32368 2007 3305 32357
2007\3\4.bmp
M 2007 3307 32368 2007 3292 32289
2007\1\1.bmp
M 2007 3307 32368 2007 3301 32335
2007\18\2.bmp
M 2007 3307 32368 2007 3304 32352
2007\20\4.bmp
M 2007 3307 32368 2007 3300 32332
2007\17\4.bmp
M 2007 3307 32368 2007 3293 32295
2007\10\2.bmp
M 2007 3307 32368 2007 3310 32379
2007\8\1.bmp
M 2007 3307 32368 2007 3309 32378
2007\7\5.bmp
E 2007 3307 32367
2007\5\4.bmp
M 2007 3307 32367 2007 3307 32366
2007\5\3.bmp
M 2007 3307 32367 2007 3307 32364
2007\5\1.bmp
M 2007 3307 32367 2007 3307 32365
2007\5\2.bmp
E 2007 3307 32366
2007\5\3.bmp
M 2007 3307 32366 2007 3307 32364
2007\5\1.bmp
M 2007 3307 32366 2007 3307 32365
2007\5\2.bmp
E 2007 3307 32364
2007\5\1.bmp
M 2007 3307 32364 2007 3307 32365
2007\5\2.bmp
E 2007 3307 32365
2007\5\2.bmp
E 2007 3306 32360
2007\4\2.bmp
M 2007 3306 32360 2007 3306 32363
2007\4\5.bmp
M 2007 3306 32360 2007 3306 32361
2007\4\3.bmp
M 2007 3306 32360 2007 3306 32359
2007\4\1.bmp
M 2007 3306 32360 2007 3306 32362
2007\4\4.bmp
M 2007 3306 32360 2007 3294 32301
2007\11\3.bmp
M 2007 3306 32360 2007 3296 32312
2007\13\4.bmp
M 2007 3306 32360 2007 3302 32340
2007\19\2.bmp
M 2007 3306 32360 2007 3298 32323
2007\15\5.bmp
M 2007 3306 32360 2007 3295 32307
2007\12\4.bmp
M 2007 3306 32360 2007 3311 32385
2007\9\2.bmp
M 2007 3306 32360 2007 3308 32372
2007\6\4.bmp
M 2007 3306 32360 2007 3299 32324
2007\16\1.bmp
M 2007 3306 32360 2007 3297 32316
2007\14\3.bmp
M 2007 3306 32360 2007 3305 32357
2007\3\4.bmp
M 2007 3306 32360 2007 3292 32289
2007\1\1.bmp
M 2007 3306 32360 2007 3301 32335
2007\18\2.bmp
M 2007 3306 32360 2007 3304 32352
2007\20\4.bmp
M 2007 3306 32360 2007 3300 32332
2007\17\4.bmp
M 2007 3306 32360 2007 3293 32295
2007\10\2.bmp
M 2007 3306 32360 2007 3310 32379
2007\8\1.bmp
M 2007 3306 32360 2007 3309 32378
2007\7\5.bmp
E 2007 3306 32363
2007\4\5.bmp
M 2007 3306 32363 2007 3306 32361
2007\4\3.bmp
M 2007 3306 32363 2007 3306 32359
2007\4\1.bmp
M 2007 3306 32363 2007 3306 32362
2007\4\4.bmp
E 2007 3306 32361
2007\4\3.bmp
M 2007 3306 32361 2007 3306 32359
2007\4\1.bmp
M 2007 3306 32361 2007 3306 32362
2007\4\4.bmp
E 2007 3306 32359
2007\4\1.bmp
M 2007 3306 32359 2007 3306 32362
2007\4\4.bmp
E 2007 3306 32362
2007\4\4.bmp
E 2007 3294 32301
2007\11\3.bmp
M 2007 3294 32301 2007 3294 32303
2007\11\5.bmp
M 2007 3294 32301 2007 3294 32302
2007\11\4.bmp
M 2007 3294 32301 2007 3294 32299
2007\11\1.bmp
M 2007 3294 32301 2007 3294 32300
2007\11\2.bmp
M 2007 3294 32301 2007 3296 32312
2007\13\4.bmp
M 2007 3294 32301 2007 3302 32340
2007\19\2.bmp
M 2007 3294 32301 2007 3298 32323
2007\15\5.bmp
M 2007 3294 32301 2007 3295 32307
2007\12\4.bmp
M 2007 3294 32301 2007 3311 32385
2007\9\2.bmp
M 2007 3294 32301 2007 3308 32372
2007\6\4.bmp
M 2007 3294 32301 2007 3299 32324
2007\16\1.bmp
M 2007 3294 32301 2007 3297 32316
2007\14\3.bmp
M 2007 3294 32301 2007 3305 32357
2007\3\4.bmp
M 2007 3294 32301 2007 3292 32289
2007\1\1.bmp
M 2007 3294 32301 2007 3301 32335
2007\18\2.bmp
M 2007 3294 32301 2007 3304 32352
2007\20\4.bmp
M 2007 3294 32301 2007 3300 32332
2007\17\4.bmp
M 2007 3294 32301 2007 3293 32295
2007\10\2.bmp
M 2007 3294 32301 2007 3310 32379
2007\8\1.bmp
M 2007 3294 32301 2007 3309 32378
2007\7\5.bmp
E 2007 3294 32303
2007\11\5.bmp
M 2007 3294 32303 2007 3294 32302
2007\11\4.bmp
M 2007 3294 32303 2007 3294 32299
2007\11\1.bmp
M 2007 3294 32303 2007 3294 32300
2007\11\2.bmp
E 2007 3294 32302
2007\11\4.bmp
M 2007 3294 32302 2007 3294 32299
2007\11\1.bmp
M 2007 3294 32302 2007 3294 32300
2007\11\2.bmp
E 2007 3294 32299
2007\11\1.bmp
M 2007 3294 32299 2007 3294 32300
2007\11\2.bmp
E 2007 3294 32300
2007\11\2.bmp
E 2007 3296 32312
2007\13\4.bmp
M 2007 3296 32312 2007 3296 32310
2007\13\2.bmp
M 2007 3296 32312 2007 3296 32311
2007\13\3.bmp
M 2007 3296 32312 2007 3296 32313
2007\13\5.bmp
M 2007 3296 32312 2007 3296 32309
2007\13\1.bmp
M 2007 3296 32312 2007 3302 32340
2007\19\2.bmp
M 2007 3296 32312 2007 3298 32323
2007\15\5.bmp
M 2007 3296 32312 2007 3295 32307
2007\12\4.bmp
M 2007 3296 32312 2007 3311 32385
2007\9\2.bmp
M 2007 3296 32312 2007 3308 32372
2007\6\4.bmp
M 2007 3296 32312 2007 3299 32324
2007\16\1.bmp
M 2007 3296 32312 2007 3297 32316
2007\14\3.bmp
M 2007 3296 32312 2007 3305 32357
2007\3\4.bmp
M 2007 3296 32312 2007 3292 32289
2007\1\1.bmp
M 2007 3296 32312 2007 3301 32335
2007\18\2.bmp
M 2007 3296 32312 2007 3304 32352
2007\20\4.bmp
M 2007 3296 32312 2007 3300 32332
2007\17\4.bmp
M 2007 3296 32312 2007 3293 32295
2007\10\2.bmp
M 2007 3296 32312 2007 3310 32379
2007\8\1.bmp
M 2007 3296 32312 2007 3309 32378
2007\7\5.bmp
E 2007 3296 32310
2007\13\2.bmp
M 2007 3296 32310 2007 3296 32311
2007\13\3.bmp
M 2007 3296 32310 2007 3296 32313
2007\13\5.bmp
M 2007 3296 32310 2007 3296 32309
2007\13\1.bmp
E 2007 3296 32311
2007\13\3.bmp
M 2007 3296 32311 2007 3296 32313
2007\13\5.bmp
M 2007 3296 32311 2007 3296 32309
2007\13\1.bmp
E 2007 3296 32313
2007\13\5.bmp
M 2007 3296 32313 2007 3296 32309
2007\13\1.bmp
E 2007 3296 32309
2007\13\1.bmp
E 2007 3302 32340
2007\19\2.bmp
M 2007 3302 32340 2007 3302 32343
2007\19\5.bmp
M 2007 3302 32340 2007 3302 32339
2007\19\1.bmp
M 2007 3302 32340 2007 3302 32342
2007\19\4.bmp
M 2007 3302 32340 2007 3302 32341
2007\19\3.bmp
M 2007 3302 32340 2007 3298 32323
2007\15\5.bmp
M 2007 3302 32340 2007 3295 32307
2007\12\4.bmp
M 2007 3302 32340 2007 3311 32385
2007\9\2.bmp
M 2007 3302 32340 2007 3308 32372
2007\6\4.bmp
M 2007 3302 32340 2007 3299 32324
2007\16\1.bmp
M 2007 3302 32340 2007 3297 32316
2007\14\3.bmp
M 2007 3302 32340 2007 3305 32357
2007\3\4.bmp
M 2007 3302 32340 2007 3292 32289
2007\1\1.bmp
M 2007 3302 32340 2007 3301 32335
2007\18\2.bmp
M 2007 3302 32340 2007 3304 32352
2007\20\4.bmp
M 2007 3302 32340 2007 3300 32332
2007\17\4.bmp
M 2007 3302 32340 2007 3293 32295
2007\10\2.bmp
M 2007 3302 32340 2007 3310 32379
2007\8\1.bmp
M 2007 3302 32340 2007 3309 32378
2007\7\5.bmp
E 2007 3302 32343
2007\19\5.bmp
M 2007 3302 32343 2007 3302 32339
2007\19\1.bmp
M 2007 3302 32343 2007 3302 32342
2007\19\4.bmp
M 2007 3302 32343 2007 3302 32341
2007\19\3.bmp
E 2007 3302 32339
2007\19\1.bmp
M 2007 3302 32339 2007 3302 32342
2007\19\4.bmp
M 2007 3302 32339 2007 3302 32341
2007\19\3.bmp
E 2007 3302 32342
2007\19\4.bmp
M 2007 3302 32342 2007 3302 32341
2007\19\3.bmp
E 2007 3302 32341
2007\19\3.bmp
E 2007 3298 32323
2007\15\5.bmp
M 2007 3298 32323 2007 3298 32319
2007\15\1.bmp
M 2007 3298 32323 2007 3298 32320
2007\15\2.bmp
M 2007 3298 32323 2007 3298 32321
2007\15\3.bmp
M 2007 3298 32323 2007 3298 32322
2007\15\4.bmp
M 2007 3298 32323 2007 3295 32307
2007\12\4.bmp
M 2007 3298 32323 2007 3311 32385
2007\9\2.bmp
M 2007 3298 32323 2007 3308 32372
2007\6\4.bmp
M 2007 3298 32323 2007 3299 32324
2007\16\1.bmp
M 2007 3298 32323 2007 3297 32316
2007\14\3.bmp
M 2007 3298 32323 2007 3305 32357
2007\3\4.bmp
M 2007 3298 32323 2007 3292 32289
2007\1\1.bmp
M 2007 3298 32323 2007 3301 32335
2007\18\2.bmp
M 2007 3298 32323 2007 3304 32352
2007\20\4.bmp
M 2007 3298 32323 2007 3300 32332
2007\17\4.bmp
M 2007 3298 32323 2007 3293 32295
2007\10\2.bmp
M 2007 3298 32323 2007 3310 32379
2007\8\1.bmp
M 2007 3298 32323 2007 3309 32378
2007\7\5.bmp
E 2007 3298 32319
2007\15\1.bmp
M 2007 3298 32319 2007 3298 32320
2007\15\2.bmp
M 2007 3298 32319 2007 3298 32321
2007\15\3.bmp
M 2007 3298 32319 2007 3298 32322
2007\15\4.bmp
E 2007 3298 32320
2007\15\2.bmp
M 2007 3298 32320 2007 3298 32321
2007\15\3.bmp
M 2007 3298 32320 2007 3298 32322
2007\15\4.bmp
E 2007 3298 32321
2007\15\3.bmp
M 2007 3298 32321 2007 3298 32322
2007\15\4.bmp
E 2007 3298 32322
2007\15\4.bmp
E 2007 3295 32307
2007\12\4.bmp
M 2007 3295 32307 2007 3295 32306
2007\12\3.bmp
M 2007 3295 32307 2007 3295 32305
2007\12\2.bmp
M 2007 3295 32307 2007 3295 32308
2007\12\5.bmp
M 2007 3295 32307 2007 3295 32304
2007\12\1.bmp
M 2007 3295 32307 2007 3311 32385
2007\9\2.bmp
M 2007 3295 32307 2007 3308 32372
2007\6\4.bmp
M 2007 3295 32307 2007 3299 32324
2007\16\1.bmp
M 2007 3295 32307 2007 3297 32316
2007\14\3.bmp
M 2007 3295 32307 2007 3305 32357
2007\3\4.bmp
M 2007 3295 32307 2007 3292 32289
2007\1\1.bmp
M 2007 3295 32307 2007 3301 32335
2007\18\2.bmp
M 2007 3295 32307 2007 3304 32352
2007\20\4.bmp
M 2007 3295 32307 2007 3300 32332
2007\17\4.bmp
M 2007 3295 32307 2007 3293 32295
2007\10\2.bmp
M 2007 3295 32307 2007 3310 32379
2007\8\1.bmp
M 2007 3295 32307 2007 3309 32378
2007\7\5.bmp
E 2007 3295 32306
2007\12\3.bmp
M 2007 3295 32306 2007 3295 32305
2007\12\2.bmp
M 2007 3295 32306 2007 3295 32308
2007\12\5.bmp
M 2007 3295 32306 2007 3295 32304
2007\12\1.bmp
E 2007 3295 32305
2007\12\2.bmp
M 2007 3295 32305 2007 3295 32308
2007\12\5.bmp
M 2007 3295 32305 2007 3295 32304
2007\12\1.bmp
E 2007 3295 32308
2007\12\5.bmp
M 2007 3295 32308 2007 3295 32304
2007\12\1.bmp
E 2007 3295 32304
2007\12\1.bmp
E 2007 3311 32385
2007\9\2.bmp
M 2007 3311 32385 2007 3311 32386
2007\9\3.bmp
M 2007 3311 32385 2007 3311 32388
2007\9\5.bmp
M 2007 3311 32385 2007 3311 32387
2007\9\4.bmp
M 2007 3311 32385 2007 3311 32384
2007\9\1.bmp
M 2007 3311 32385 2007 3308 32372
2007\6\4.bmp
M 2007 3311 32385 2007 3299 32324
2007\16\1.bmp
M 2007 3311 32385 2007 3297 32316
2007\14\3.bmp
M 2007 3311 32385 2007 3305 32357
2007\3\4.bmp
M 2007 3311 32385 2007 3292 32289
2007\1\1.bmp
M 2007 3311 32385 2007 3301 32335
2007\18\2.bmp
M 2007 3311 32385 2007 3304 32352
2007\20\4.bmp
M 2007 3311 32385 2007 3300 32332
2007\17\4.bmp
M 2007 3311 32385 2007 3293 32295
2007\10\2.bmp
M 2007 3311 32385 2007 3310 32379
2007\8\1.bmp
M 2007 3311 32385 2007 3309 32378
2007\7\5.bmp
E 2007 3311 32386
2007\9\3.bmp
M 2007 3311 32386 2007 3311 32388
2007\9\5.bmp
M 2007 3311 32386 2007 3311 32387
2007\9\4.bmp
M 2007 3311 32386 2007 3311 32384
2007\9\1.bmp
E 2007 3311 32388
2007\9\5.bmp
M 2007 3311 32388 2007 3311 32387
2007\9\4.bmp
M 2007 3311 32388 2007 3311 32384
2007\9\1.bmp
E 2007 3311 32387
2007\9\4.bmp
M 2007 3311 32387 2007 3311 32384
2007\9\1.bmp
E 2007 3311 32384
2007\9\1.bmp
E 2007 3308 32372
2007\6\4.bmp
M 2007 3308 32372 2007 3308 32369
2007\6\1.bmp
M 2007 3308 32372 2007 3308 32373
2007\6\5.bmp
M 2007 3308 32372 2007 3308 32371
2007\6\3.bmp
M 2007 3308 32372 2007 3308 32370
2007\6\2.bmp
M 2007 3308 32372 2007 3299 32324
2007\16\1.bmp
M 2007 3308 32372 2007 3297 32316
2007\14\3.bmp
M 2007 3308 32372 2007 3305 32357
2007\3\4.bmp
M 2007 3308 32372 2007 3292 32289
2007\1\1.bmp
M 2007 3308 32372 2007 3301 32335
2007\18\2.bmp
M 2007 3308 32372 2007 3304 32352
2007\20\4.bmp
M 2007 3308 32372 2007 3300 32332
2007\17\4.bmp
M 2007 3308 32372 2007 3293 32295
2007\10\2.bmp
M 2007 3308 32372 2007 3310 32379
2007\8\1.bmp
M 2007 3308 32372 2007 3309 32378
2007\7\5.bmp
E 2007 3308 32369
2007\6\1.bmp
M 2007 3308 32369 2007 3308 32373
2007\6\5.bmp
M 2007 3308 32369 2007 3308 32371
2007\6\3.bmp
M 2007 3308 32369 2007 3308 32370
2007\6\2.bmp
E 2007 3308 32373
2007\6\5.bmp
M 2007 3308 32373 2007 3308 32371
2007\6\3.bmp
M 2007 3308 32373 2007 3308 32370
2007\6\2.bmp
E 2007 3308 32371
2007\6\3.bmp
M 2007 3308 32371 2007 3308 32370
2007\6\2.bmp
E 2007 3308 32370
2007\6\2.bmp
E 2007 3299 32324
2007\16\1.bmp
M 2007 3299 32324 2007 3299 32325
2007\16\2.bmp
M 2007 3299 32324 2007 3299 32328
2007\16\5.bmp
M 2007 3299 32324 2007 3299 32326
2007\16\3.bmp
M 2007 3299 32324 2007 3299 32327
2007\16\4.bmp
M 2007 3299 32324 2007 3297 32316
2007\14\3.bmp
M 2007 3299 32324 2007 3305 32357
2007\3\4.bmp
M 2007 3299 32324 2007 3292 32289
2007\1\1.bmp
M 2007 3299 32324 2007 3301 32335
2007\18\2.bmp
M 2007 3299 32324 2007 3304 32352
2007\20\4.bmp
M 2007 3299 32324 2007 3300 32332
2007\17\4.bmp
M 2007 3299 32324 2007 3293 32295
2007\10\2.bmp
M 2007 3299 32324 2007 3310 32379
2007\8\1.bmp
M 2007 3299 32324 2007 3309 32378
2007\7\5.bmp
E 2007 3299 32325
2007\16\2.bmp
M 2007 3299 32325 2007 3299 32328
2007\16\5.bmp
M 2007 3299 32325 2007 3299 32326
2007\16\3.bmp
M 2007 3299 32325 2007 3299 32327
2007\16\4.bmp
E 2007 3299 32328
2007\16\5.bmp
M 2007 3299 32328 2007 3299 32326
2007\16\3.bmp
M 2007 3299 32328 2007 3299 32327
2007\16\4.bmp
E 2007 3299 32326
2007\16\3.bmp
M 2007 3299 32326 2007 3299 32327
2007\16\4.bmp
E 2007 3299 32327
2007\16\4.bmp
E 2007 3297 32316
2007\14\3.bmp
M 2007 3297 32316 2007 3297 32318
2007\14\5.bmp
M 2007 3297 32316 2007 3297 32314
2007\14\1.bmp
M 2007 3297 32316 2007 3297 32317
2007\14\4.bmp
M 2007 3297 32316 2007 3297 32315
2007\14\2.bmp
M 2007 3297 32316 2007 3305 32357
2007\3\4.bmp
M 2007 3297 32316 2007 3292 32289
2007\1\1.bmp
M 2007 3297 32316 2007 3301 32335
2007\18\2.bmp
M 2007 3297 32316 2007 3304 32352
2007\20\4.bmp
M 2007 3297 32316 2007 3300 32332
2007\17\4.bmp
M 2007 3297 32316 2007 3293 32295
2007\10\2.bmp
M 2007 3297 32316 2007 3310 32379
2007\8\1.bmp
M 2007 3297 32316 2007 3309 32378
2007\7\5.bmp
E 2007 3297 32318
2007\14\5.bmp
M 2007 3297 32318 2007 3297 32314
2007\14\1.bmp
M 2007 3297 32318 2007 3297 32317
2007\14\4.bmp
M 2007 3297 32318 2007 3297 32315
2007\14\2.bmp
E 2007 3297 32314
2007\14\1.bmp
M 2007 3297 32314 2007 3297 32317
2007\14\4.bmp
M 2007 3297 32314 2007 3297 32315
2007\14\2.bmp
E 2007 3297 32317
2007\14\4.bmp
M 2007 3297 32317 2007 3297 32315
2007\14\2.bmp
E 2007 3297 32315
2007\14\2.bmp
E 2007 3305 32357
2007\3\4.bmp
M 2007 3305 32357 2007 3305 32358
2007\3\5.bmp
M 2007 3305 32357 2007 3305 32356
2007\3\3.bmp
M 2007 3305 32357 2007 3305 32355
2007\3\2.bmp
M 2007 3305 32357 2007 3305 32354
2007\3\1.bmp
M 2007 3305 32357 2007 3292 32289
2007\1\1.bmp
M 2007 3305 32357 2007 3301 32335
2007\18\2.bmp
M 2007 3305 32357 2007 3304 32352
2007\20\4.bmp
M 2007 3305 32357 2007 3300 32332
2007\17\4.bmp
M 2007 3305 32357 2007 3293 32295
2007\10\2.bmp
M 2007 3305 32357 2007 3310 32379
2007\8\1.bmp
M 2007 3305 32357 2007 3309 32378
2007\7\5.bmp
E 2007 3305 32358
2007\3\5.bmp
M 2007 3305 32358 2007 3305 32356
2007\3\3.bmp
M 2007 3305 32358 2007 3305 32355
2007\3\2.bmp
M 2007 3305 32358 2007 3305 32354
2007\3\1.bmp
E 2007 3305 32356
2007\3\3.bmp
M 2007 3305 32356 2007 3305 32355
2007\3\2.bmp
M 2007 3305 32356 2007 3305 32354
2007\3\1.bmp
E 2007 3305 32355
2007\3\2.bmp
M 2007 3305 32355 2007 3305 32354
2007\3\1.bmp
E 2007 3305 32354
2007\3\1.bmp
E 2007 3292 32289
2007\1\1.bmp
M 2007 3292 32289 2007 3292 32293
2007\1\5.bmp
M 2007 3292 32289 2007 3292 32290
2007\1\2.bmp
M 2007 3292 32289 2007 3292 32291
2007\1\3.bmp
M 2007 3292 32289 2007 3292 32292
2007\1\4.bmp
M 2007 3292 32289 2007 3301 32335
2007\18\2.bmp
M 2007 3292 32289 2007 3304 32352
2007\20\4.bmp
M 2007 3292 32289 2007 3300 32332
2007\17\4.bmp
M 2007 3292 32289 2007 3293 32295
2007\10\2.bmp
M 2007 3292 32289 2007 3310 32379
2007\8\1.bmp
M 2007 3292 32289 2007 3309 32378
2007\7\5.bmp
E 2007 3292 32293
2007\1\5.bmp
M 2007 3292 32293 2007 3292 32290
2007\1\2.bmp
M 2007 3292 32293 2007 3292 32291
2007\1\3.bmp
M 2007 3292 32293 2007 3292 32292
2007\1\4.bmp
E 2007 3292 32290
2007\1\2.bmp
M 2007 3292 32290 2007 3292 32291
2007\1\3.bmp
M 2007 3292 32290 2007 3292 32292
2007\1\4.bmp
E 2007 3292 32291
2007\1\3.bmp
M 2007 3292 32291 2007 3292 32292
2007\1\4.bmp
E 2007 3292 32292
2007\1\4.bmp
E 2007 3301 32335
2007\18\2.bmp
M 2007 3301 32335 2007 3301 32337
2007\18\4.bmp
M 2007 3301 32335 2007 3301 32338
2007\18\5.bmp
M 2007 3301 32335 2007 3301 32336
2007\18\3.bmp
M 2007 3301 32335 2007 3301 32334
2007\18\1.bmp
M 2007 3301 32335 2007 3304 32352
2007\20\4.bmp
M 2007 3301 32335 2007 3300 32332
2007\17\4.bmp
M 2007 3301 32335 2007 3293 32295
2007\10\2.bmp
M 2007 3301 32335 2007 3310 32379
2007\8\1.bmp
M 2007 3301 32335 2007 3309 32378
2007\7\5.bmp
E 2007 3301 32337
2007\18\4.bmp
M 2007 3301 32337 2007 3301 32338
2007\18\5.bmp
M 2007 3301 32337 2007 3301 32336
2007\18\3.bmp
M 2007 3301 32337 2007 3301 32334
2007\18\1.bmp
E 2007 3301 32338
2007\18\5.bmp
M 2007 3301 32338 2007 3301 32336
2007\18\3.bmp
M 2007 3301 32338 2007 3301 32334
2007\18\1.bmp
E 2007 3301 32336
2007\18\3.bmp
M 2007 3301 32336 2007 3301 32334
2007\18\1.bmp
E 2007 3301 32334
2007\18\1.bmp
E 2007 3304 32352
2007\20\4.bmp
M 2007 3304 32352 2007 3304 32351
2007\20\3.bmp
M 2007 3304 32352 2007 3304 32350
2007\20\2.bmp
M 2007 3304 32352 2007 3304 32353
2007\20\5.bmp
M 2007 3304 32352 2007 3304 32349
2007\20\1.bmp
M 2007 3304 32352 2007 3300 32332
2007\17\4.bmp
M 2007 3304 32352 2007 3293 32295
2007\10\2.bmp
M 2007 3304 32352 2007 3310 32379
2007\8\1.bmp
M 2007 3304 32352 2007 3309 32378
2007\7\5.bmp
E 2007 3304 32351
2007\20\3.bmp
M 2007 3304 32351 2007 3304 32350
2007\20\2.bmp
M 2007 3304 32351 2007 3304 32353
2007\20\5.bmp
M 2007 3304 32351 2007 3304 32349
2007\20\1.bmp
E 2007 3304 32350
2007\20\2.bmp
M 2007 3304 32350 2007 3304 32353
2007\20\5.bmp
M 2007 3304 32350 2007 3304 32349
2007\20\1.bmp
E 2007 3304 32353
2007\20\5.bmp
M 2007 3304 32353 2007 3304 32349
2007\20\1.bmp
E 2007 3304 32349
2007\20\1.bmp
E 2007 3300 32332
2007\17\4.bmp
M 2007 3300 32332 2007 3300 32333
2007\17\5.bmp
M 2007 3300 32332 2007 3300 32330
2007\17\2.bmp
M 2007 3300 32332 2007 3300 32331
2007\17\3.bmp
M 2007 3300 32332 2007 3300 32329
2007\17\1.bmp
M 2007 3300 32332 2007 3293 32295
2007\10\2.bmp
M 2007 3300 32332 2007 3310 32379
2007\8\1.bmp
M 2007 3300 32332 2007 3309 32378
2007\7\5.bmp
E 2007 3300 32333
2007\17\5.bmp
M 2007 3300 32333 2007 3300 32330
2007\17\2.bmp
M 2007 3300 32333 2007 3300 32331
2007\17\3.bmp
M 2007 3300 32333 2007 3300 32329
2007\17\1.bmp
E 2007 3300 32330
2007\17\2.bmp
M 2007 3300 32330 2007 3300 32331
2007\17\3.bmp
M 2007 3300 32330 2007 3300 32329
2007\17\1.bmp
E 2007 3300 32331
2007\17\3.bmp
M 2007 3300 32331 2007 3300 32329
2007\17\1.bmp
E 2007 3300 32329
2007\17\1.bmp
E 2007 3293 32295
2007\10\2.bmp
M 2007 3293 32295 2007 3293 32294
2007\10\1.bmp
M 2007 3293 32295 2007 3293 32298
2007\10\5.bmp
M 2007 3293 32295 2007 3293 32297
2007\10\4.bmp
M 2007 3293 32295 2007 3293 32296
2007\10\3.bmp
M 2007 3293 32295 2007 3310 32379
2007\8\1.bmp
M 2007 3293 32295 2007 3309 32378
2007\7\5.bmp
E 2007 3293 32294
2007\10\1.bmp
M 2007 3293 32294 2007 3293 32298
2007\10\5.bmp
M 2007 3293 32294 2007 3293 32297
2007\10\4.bmp
M 2007 3293 32294 2007 3293 32296
2007\10\3.bmp
E 2007 3293 32298
2007\10\5.bmp
M 2007 3293 32298 2007 3293 32297
2007\10\4.bmp
M 2007 3293 32298 2007 3293 32296
2007\10\3.bmp
E 2007 3293 32297
2007\10\4.bmp
M 2007 3293 32297 2007 3293 32296
2007\10\3.bmp
E 2007 3293 32296
2007\10\3.bmp
E 2007 3310 32379
2007\8\1.bmp
M 2007 3310 32379 2007 3310 32380
2007\8\2.bmp
M 2007 3310 32379 2007 3310 32381
2007\8\3.bmp
M 2007 3310 32379 2007 3310 32383
2007\8\5.bmp
M 2007 3310 32379 2007 3310 32382
2007\8\4.bmp
M 2007 3310 32379 2007 3309 32378
2007\7\5.bmp
E 2007 3310 32380
2007\8\2.bmp
M 2007 3310 32380 2007 3310 32381
2007\8\3.bmp
M 2007 3310 32380 2007 3310 32383
2007\8\5.bmp
M 2007 3310 32380 2007 3310 32382
2007\8\4.bmp
E 2007 3310 32381
2007\8\3.bmp
M 2007 3310 32381 2007 3310 32383
2007\8\5.bmp
M 2007 3310 32381 2007 3310 32382
2007\8\4.bmp
E 2007 3310 32383
2007\8\5.bmp
M 2007 3310 32383 2007 3310 32382
2007\8\4.bmp
E 2007 3310 32382
2007\8\4.bmp
E 2007 3309 32378
2007\7\5.bmp
M 2007 3309 32378 2007 3309 32376
2007\7\3.bmp
M 2007 3309 32378 2007 3309 32374
2007\7\1.bmp
M 2007 3309 32378 2007 3309 32377
2007\7\4.bmp
M 2007 3309 32378 2007 3309 32375
2007\7\2.bmp
E 2007 3309 32376
2007\7\3.bmp
M 2007 3309 32376 2007 3309 32374
2007\7\1.bmp
M 2007 3309 32376 2007 3309 32377
2007\7\4.bmp
M 2007 3309 32376 2007 3309 32375
2007\7\2.bmp
E 2007 3309 32374
2007\7\1.bmp
M 2007 3309 32374 2007 3309 32377
2007\7\4.bmp
M 2007 3309 32374 2007 3309 32375
2007\7\2.bmp
E 2007 3309 32377
2007\7\4.bmp
M 2007 3309 32377 2007 3309 32375
2007\7\2.bmp
E 2007 3309 32375
2007\7\2.bmp
