195
E 2005 3277 32215
2005\5\2.bmp
M 2005 3277 32215 2005 3277 32216
2005\5\3.bmp
M 2005 3277 32215 2005 3277 32217
2005\5\4.bmp
M 2005 3277 32215 2005 3277 32218
2005\5\5.bmp
M 2005 3277 32215 2005 3277 32214
2005\5\1.bmp
M 2005 3277 32215 2005 3273 32197
2005\10\4.bmp
M 2005 3277 32215 2005 3272 32189
2005\1\1.bmp
M 2005 3277 32215 2005 3281 32234
2005\9\1.bmp
M 2005 3277 32215 2005 3275 32208
2005\3\5.bmp
M 2005 3277 32215 2005 3280 32231
2005\8\3.bmp
M 2005 3277 32215 2005 3278 32220
2005\6\2.bmp
M 2005 3277 32215 2005 3279 32228
2005\7\5.bmp
M 2005 3277 32215 2005 3276 32209
2005\4\1.bmp
M 2005 3277 32215 2005 3274 32202
2005\2\4.bmp
E 2005 3277 32216
2005\5\3.bmp
M 2005 3277 32216 2005 3277 32217
2005\5\4.bmp
M 2005 3277 32216 2005 3277 32218
2005\5\5.bmp
M 2005 3277 32216 2005 3277 32214
2005\5\1.bmp
E 2005 3277 32217
2005\5\4.bmp
M 2005 3277 32217 2005 3277 32218
2005\5\5.bmp
M 2005 3277 32217 2005 3277 32214
2005\5\1.bmp
E 2005 3277 32218
2005\5\5.bmp
M 2005 3277 32218 2005 3277 32214
2005\5\1.bmp
E 2005 3277 32214
2005\5\1.bmp
E 2005 3273 32197
2005\10\4.bmp
M 2005 3273 32197 2005 3273 32196
2005\10\3.bmp
M 2005 3273 32197 2005 3273 32194
2005\10\1.bmp
M 2005 3273 32197 2005 3273 32198
2005\10\5.bmp
M 2005 3273 32197 2005 3273 32195
2005\10\2.bmp
M 2005 3273 32197 2005 3272 32189
2005\1\1.bmp
M 2005 3273 32197 2005 3281 32234
2005\9\1.bmp
M 2005 3273 32197 2005 3275 32208
2005\3\5.bmp
M 2005 3273 32197 2005 3280 32231
2005\8\3.bmp
M 2005 3273 32197 2005 3278 32220
2005\6\2.bmp
M 2005 3273 32197 2005 3279 32228
2005\7\5.bmp
M 2005 3273 32197 2005 3276 32209
2005\4\1.bmp
M 2005 3273 32197 2005 3274 32202
2005\2\4.bmp
E 2005 3273 32196
2005\10\3.bmp
M 2005 3273 32196 2005 3273 32194
2005\10\1.bmp
M 2005 3273 32196 2005 3273 32198
2005\10\5.bmp
M 2005 3273 32196 2005 3273 32195
2005\10\2.bmp
E 2005 3273 32194
2005\10\1.bmp
M 2005 3273 32194 2005 3273 32198
2005\10\5.bmp
M 2005 3273 32194 2005 3273 32195
2005\10\2.bmp
E 2005 3273 32198
2005\10\5.bmp
M 2005 3273 32198 2005 3273 32195
2005\10\2.bmp
E 2005 3273 32195
2005\10\2.bmp
E 2005 3272 32189
2005\1\1.bmp
M 2005 3272 32189 2005 3272 32192
2005\1\4.bmp
M 2005 3272 32189 2005 3272 32191
2005\1\3.bmp
M 2005 3272 32189 2005 3272 32190
2005\1\2.bmp
M 2005 3272 32189 2005 3272 32193
2005\1\5.bmp
M 2005 3272 32189 2005 3281 32234
2005\9\1.bmp
M 2005 3272 32189 2005 3275 32208
2005\3\5.bmp
M 2005 3272 32189 2005 3280 32231
2005\8\3.bmp
M 2005 3272 32189 2005 3278 32220
2005\6\2.bmp
M 2005 3272 32189 2005 3279 32228
2005\7\5.bmp
M 2005 3272 32189 2005 3276 32209
2005\4\1.bmp
M 2005 3272 32189 2005 3274 32202
2005\2\4.bmp
E 2005 3272 32192
2005\1\4.bmp
M 2005 3272 32192 2005 3272 32191
2005\1\3.bmp
M 2005 3272 32192 2005 3272 32190
2005\1\2.bmp
M 2005 3272 32192 2005 3272 32193
2005\1\5.bmp
E 2005 3272 32191
2005\1\3.bmp
M 2005 3272 32191 2005 3272 32190
2005\1\2.bmp
M 2005 3272 32191 2005 3272 32193
2005\1\5.bmp
E 2005 3272 32190
2005\1\2.bmp
M 2005 3272 32190 2005 3272 32193
2005\1\5.bmp
E 2005 3272 32193
2005\1\5.bmp
E 2005 3281 32234
2005\9\1.bmp
M 2005 3281 32234 2005 3281 32236
2005\9\3.bmp
M 2005 3281 32234 2005 3281 32235
2005\9\2.bmp
M 2005 3281 32234 2005 3281 32237
2005\9\4.bmp
M 2005 3281 32234 2005 3281 32238
2005\9\5.bmp
M 2005 3281 32234 2005 3275 32208
2005\3\5.bmp
M 2005 3281 32234 2005 3280 32231
2005\8\3.bmp
M 2005 3281 32234 2005 3278 32220
2005\6\2.bmp
M 2005 3281 32234 2005 3279 32228
2005\7\5.bmp
M 2005 3281 32234 2005 3276 32209
2005\4\1.bmp
M 2005 3281 32234 2005 3274 32202
2005\2\4.bmp
E 2005 3281 32236
2005\9\3.bmp
M 2005 3281 32236 2005 3281 32235
2005\9\2.bmp
M 2005 3281 32236 2005 3281 32237
2005\9\4.bmp
M 2005 3281 32236 2005 3281 32238
2005\9\5.bmp
E 2005 3281 32235
2005\9\2.bmp
M 2005 3281 32235 2005 3281 32237
2005\9\4.bmp
M 2005 3281 32235 2005 3281 32238
2005\9\5.bmp
E 2005 3281 32237
2005\9\4.bmp
M 2005 3281 32237 2005 3281 32238
2005\9\5.bmp
E 2005 3281 32238
2005\9\5.bmp
E 2005 3275 32208
2005\3\5.bmp
M 2005 3275 32208 2005 3275 32207
2005\3\4.bmp
M 2005 3275 32208 2005 3275 32204
2005\3\1.bmp
M 2005 3275 32208 2005 3275 32205
2005\3\2.bmp
M 2005 3275 32208 2005 3275 32206
2005\3\3.bmp
M 2005 3275 32208 2005 3280 32231
2005\8\3.bmp
M 2005 3275 32208 2005 3278 32220
2005\6\2.bmp
M 2005 3275 32208 2005 3279 32228
2005\7\5.bmp
M 2005 3275 32208 2005 3276 32209
2005\4\1.bmp
M 2005 3275 32208 2005 3274 32202
2005\2\4.bmp
E 2005 3275 32207
2005\3\4.bmp
M 2005 3275 32207 2005 3275 32204
2005\3\1.bmp
M 2005 3275 32207 2005 3275 32205
2005\3\2.bmp
M 2005 3275 32207 2005 3275 32206
2005\3\3.bmp
E 2005 3275 32204
2005\3\1.bmp
M 2005 3275 32204 2005 3275 32205
2005\3\2.bmp
M 2005 3275 32204 2005 3275 32206
2005\3\3.bmp
E 2005 3275 32205
2005\3\2.bmp
M 2005 3275 32205 2005 3275 32206
2005\3\3.bmp
E 2005 3275 32206
2005\3\3.bmp
E 2005 3280 32231
2005\8\3.bmp
M 2005 3280 32231 2005 3280 32232
2005\8\4.bmp
M 2005 3280 32231 2005 3280 32233
2005\8\5.bmp
M 2005 3280 32231 2005 3280 32230
2005\8\2.bmp
M 2005 3280 32231 2005 3280 32229
2005\8\1.bmp
M 2005 3280 32231 2005 3278 32220
2005\6\2.bmp
M 2005 3280 32231 2005 3279 32228
2005\7\5.bmp
M 2005 3280 32231 2005 3276 32209
2005\4\1.bmp
M 2005 3280 32231 2005 3274 32202
2005\2\4.bmp
E 2005 3280 32232
2005\8\4.bmp
M 2005 3280 32232 2005 3280 32233
2005\8\5.bmp
M 2005 3280 32232 2005 3280 32230
2005\8\2.bmp
M 2005 3280 32232 2005 3280 32229
2005\8\1.bmp
E 2005 3280 32233
2005\8\5.bmp
M 2005 3280 32233 2005 3280 32230
2005\8\2.bmp
M 2005 3280 32233 2005 3280 32229
2005\8\1.bmp
E 2005 3280 32230
2005\8\2.bmp
M 2005 3280 32230 2005 3280 32229
2005\8\1.bmp
E 2005 3280 32229
2005\8\1.bmp
E 2005 3278 32220
2005\6\2.bmp
M 2005 3278 32220 2005 3278 32223
2005\6\5.bmp
M 2005 3278 32220 2005 3278 32219
2005\6\1.bmp
M 2005 3278 32220 2005 3278 32222
2005\6\4.bmp
M 2005 3278 32220 2005 3278 32221
2005\6\3.bmp
M 2005 3278 32220 2005 3279 32228
2005\7\5.bmp
M 2005 3278 32220 2005 3276 32209
2005\4\1.bmp
M 2005 3278 32220 2005 3274 32202
2005\2\4.bmp
E 2005 3278 32223
2005\6\5.bmp
M 2005 3278 32223 2005 3278 32219
2005\6\1.bmp
M 2005 3278 32223 2005 3278 32222
2005\6\4.bmp
M 2005 3278 32223 2005 3278 32221
2005\6\3.bmp
E 2005 3278 32219
2005\6\1.bmp
M 2005 3278 32219 2005 3278 32222
2005\6\4.bmp
M 2005 3278 32219 2005 3278 32221
2005\6\3.bmp
E 2005 3278 32222
2005\6\4.bmp
M 2005 3278 32222 2005 3278 32221
2005\6\3.bmp
E 2005 3278 32221
2005\6\3.bmp
E 2005 3279 32228
2005\7\5.bmp
M 2005 3279 32228 2005 3279 32225
2005\7\2.bmp
M 2005 3279 32228 2005 3279 32227
2005\7\4.bmp
M 2005 3279 32228 2005 3279 32226
2005\7\3.bmp
M 2005 3279 32228 2005 3279 32224
2005\7\1.bmp
M 2005 3279 32228 2005 3276 32209
2005\4\1.bmp
M 2005 3279 32228 2005 3274 32202
2005\2\4.bmp
E 2005 3279 32225
2005\7\2.bmp
M 2005 3279 32225 2005 3279 32227
2005\7\4.bmp
M 2005 3279 32225 2005 3279 32226
2005\7\3.bmp
M 2005 3279 32225 2005 3279 32224
2005\7\1.bmp
E 2005 3279 32227
2005\7\4.bmp
M 2005 3279 32227 2005 3279 32226
2005\7\3.bmp
M 2005 3279 32227 2005 3279 32224
2005\7\1.bmp
E 2005 3279 32226
2005\7\3.bmp
M 2005 3279 32226 2005 3279 32224
2005\7\1.bmp
E 2005 3279 32224
2005\7\1.bmp
E 2005 3276 32209
2005\4\1.bmp
M 2005 3276 32209 2005 3276 32212
2005\4\4.bmp
M 2005 3276 32209 2005 3276 32211
2005\4\3.bmp
M 2005 3276 32209 2005 3276 32213
2005\4\5.bmp
M 2005 3276 32209 2005 3276 32210
2005\4\2.bmp
M 2005 3276 32209 2005 3274 32202
2005\2\4.bmp
E 2005 3276 32212
2005\4\4.bmp
M 2005 3276 32212 2005 3276 32211
2005\4\3.bmp
M 2005 3276 32212 2005 3276 32213
2005\4\5.bmp
M 2005 3276 32212 2005 3276 32210
2005\4\2.bmp
E 2005 3276 32211
2005\4\3.bmp
M 2005 3276 32211 2005 3276 32213
2005\4\5.bmp
M 2005 3276 32211 2005 3276 32210
2005\4\2.bmp
E 2005 3276 32213
2005\4\5.bmp
M 2005 3276 32213 2005 3276 32210
2005\4\2.bmp
E 2005 3276 32210
2005\4\2.bmp
E 2005 3274 32202
2005\2\4.bmp
M 2005 3274 32202 2005 3274 32203
2005\2\5.bmp
M 2005 3274 32202 2005 3274 32201
2005\2\3.bmp
M 2005 3274 32202 2005 3274 32199
2005\2\1.bmp
M 2005 3274 32202 2005 3274 32200
2005\2\2.bmp
E 2005 3274 32203
2005\2\5.bmp
M 2005 3274 32203 2005 3274 32201
2005\2\3.bmp
M 2005 3274 32203 2005 3274 32199
2005\2\1.bmp
M 2005 3274 32203 2005 3274 32200
2005\2\2.bmp
E 2005 3274 32201
2005\2\3.bmp
M 2005 3274 32201 2005 3274 32199
2005\2\1.bmp
M 2005 3274 32201 2005 3274 32200
2005\2\2.bmp
E 2005 3274 32199
2005\2\1.bmp
M 2005 3274 32199 2005 3274 32200
2005\2\2.bmp
E 2005 3274 32200
2005\2\2.bmp
