490
E 2003 3251 32064
2003\9\2.bmp
M 2003 3251 32064 2003 3251 32065
2003\9\3.bmp
M 2003 3251 32064 2003 3251 32066
2003\9\5.bmp
M 2003 3251 32064 2003 3251 32063
2003\9\1.bmp
M 2003 3251 32064 2003 3251 32067
2003\9\6.bmp
M 2003 3251 32064 2003 3232 31949
2003\1\1.bmp
M 2003 3251 32064 2003 3243 32019
2003\2\7.bmp
M 2003 3251 32064 2003 3244 32023
2003\20\3.bmp
M 2003 3251 32064 2003 3233 31957
2003\10\4.bmp
M 2003 3251 32064 2003 3246 32034
2003\4\4.bmp
M 2003 3251 32064 2003 3236 31973
2003\13\3.bmp
M 2003 3251 32064 2003 3241 32008
2003\18\8.bmp
M 2003 3251 32064 2003 3238 31989
2003\15\6.bmp
M 2003 3251 32064 2003 3250 32058
2003\8\4.bmp
M 2003 3251 32064 2003 3237 31979
2003\14\1.bmp
M 2003 3251 32064 2003 3248 32047
2003\6\5.bmp
M 2003 3251 32064 2003 3245 32028
2003\3\4.bmp
M 2003 3251 32064 2003 3247 32040
2003\5\4.bmp
M 2003 3251 32064 2003 3240 32002
2003\17\8.bmp
M 2003 3251 32064 2003 3235 31971
2003\12\6.bmp
M 2003 3251 32064 2003 3249 32052
2003\7\4.bmp
M 2003 3251 32064 2003 3239 31992
2003\16\4.bmp
M 2003 3251 32064 2003 3242 32013
2003\19\6.bmp
M 2003 3251 32064 2003 3234 31962
2003\11\4.bmp
E 2003 3251 32065
2003\9\3.bmp
M 2003 3251 32065 2003 3251 32066
2003\9\5.bmp
M 2003 3251 32065 2003 3251 32063
2003\9\1.bmp
M 2003 3251 32065 2003 3251 32067
2003\9\6.bmp
E 2003 3251 32066
2003\9\5.bmp
M 2003 3251 32066 2003 3251 32063
2003\9\1.bmp
M 2003 3251 32066 2003 3251 32067
2003\9\6.bmp
E 2003 3251 32063
2003\9\1.bmp
M 2003 3251 32063 2003 3251 32067
2003\9\6.bmp
E 2003 3251 32067
2003\9\6.bmp
E 2003 3232 31949
2003\1\1.bmp
M 2003 3232 31949 2003 3232 31951
2003\1\5.bmp
M 2003 3232 31949 2003 3232 31952
2003\1\6.bmp
M 2003 3232 31949 2003 3232 31950
2003\1\4.bmp
M 2003 3232 31949 2003 3232 31953
2003\1\7.bmp
M 2003 3232 31949 2003 3243 32019
2003\2\7.bmp
M 2003 3232 31949 2003 3244 32023
2003\20\3.bmp
M 2003 3232 31949 2003 3233 31957
2003\10\4.bmp
M 2003 3232 31949 2003 3246 32034
2003\4\4.bmp
M 2003 3232 31949 2003 3236 31973
2003\13\3.bmp
M 2003 3232 31949 2003 3241 32008
2003\18\8.bmp
M 2003 3232 31949 2003 3238 31989
2003\15\6.bmp
M 2003 3232 31949 2003 3250 32058
2003\8\4.bmp
M 2003 3232 31949 2003 3237 31979
2003\14\1.bmp
M 2003 3232 31949 2003 3248 32047
2003\6\5.bmp
M 2003 3232 31949 2003 3245 32028
2003\3\4.bmp
M 2003 3232 31949 2003 3247 32040
2003\5\4.bmp
M 2003 3232 31949 2003 3240 32002
2003\17\8.bmp
M 2003 3232 31949 2003 3235 31971
2003\12\6.bmp
M 2003 3232 31949 2003 3249 32052
2003\7\4.bmp
M 2003 3232 31949 2003 3239 31992
2003\16\4.bmp
M 2003 3232 31949 2003 3242 32013
2003\19\6.bmp
M 2003 3232 31949 2003 3234 31962
2003\11\4.bmp
E 2003 3232 31951
2003\1\5.bmp
M 2003 3232 31951 2003 3232 31952
2003\1\6.bmp
M 2003 3232 31951 2003 3232 31950
2003\1\4.bmp
M 2003 3232 31951 2003 3232 31953
2003\1\7.bmp
E 2003 3232 31952
2003\1\6.bmp
M 2003 3232 31952 2003 3232 31950
2003\1\4.bmp
M 2003 3232 31952 2003 3232 31953
2003\1\7.bmp
E 2003 3232 31950
2003\1\4.bmp
M 2003 3232 31950 2003 3232 31953
2003\1\7.bmp
E 2003 3232 31953
2003\1\7.bmp
E 2003 3243 32019
2003\2\7.bmp
M 2003 3243 32019 2003 3243 32016
2003\2\4.bmp
M 2003 3243 32019 2003 3243 32018
2003\2\6.bmp
M 2003 3243 32019 2003 3243 32015
2003\2\3.bmp
M 2003 3243 32019 2003 3243 32020
2003\2\8.bmp
M 2003 3243 32019 2003 3244 32023
2003\20\3.bmp
M 2003 3243 32019 2003 3233 31957
2003\10\4.bmp
M 2003 3243 32019 2003 3246 32034
2003\4\4.bmp
M 2003 3243 32019 2003 3236 31973
2003\13\3.bmp
M 2003 3243 32019 2003 3241 32008
2003\18\8.bmp
M 2003 3243 32019 2003 3238 31989
2003\15\6.bmp
M 2003 3243 32019 2003 3250 32058
2003\8\4.bmp
M 2003 3243 32019 2003 3237 31979
2003\14\1.bmp
M 2003 3243 32019 2003 3248 32047
2003\6\5.bmp
M 2003 3243 32019 2003 3245 32028
2003\3\4.bmp
M 2003 3243 32019 2003 3247 32040
2003\5\4.bmp
M 2003 3243 32019 2003 3240 32002
2003\17\8.bmp
M 2003 3243 32019 2003 3235 31971
2003\12\6.bmp
M 2003 3243 32019 2003 3249 32052
2003\7\4.bmp
M 2003 3243 32019 2003 3239 31992
2003\16\4.bmp
M 2003 3243 32019 2003 3242 32013
2003\19\6.bmp
M 2003 3243 32019 2003 3234 31962
2003\11\4.bmp
E 2003 3243 32016
2003\2\4.bmp
M 2003 3243 32016 2003 3243 32018
2003\2\6.bmp
M 2003 3243 32016 2003 3243 32015
2003\2\3.bmp
M 2003 3243 32016 2003 3243 32020
2003\2\8.bmp
E 2003 3243 32018
2003\2\6.bmp
M 2003 3243 32018 2003 3243 32015
2003\2\3.bmp
M 2003 3243 32018 2003 3243 32020
2003\2\8.bmp
E 2003 3243 32015
2003\2\3.bmp
M 2003 3243 32015 2003 3243 32020
2003\2\8.bmp
E 2003 3243 32020
2003\2\8.bmp
E 2003 3244 32023
2003\20\3.bmp
M 2003 3244 32023 2003 3244 32025
2003\20\5.bmp
M 2003 3244 32023 2003 3244 32024
2003\20\4.bmp
M 2003 3244 32023 2003 3244 32026
2003\20\6.bmp
M 2003 3244 32023 2003 3244 32021
2003\20\1.bmp
M 2003 3244 32023 2003 3233 31957
2003\10\4.bmp
M 2003 3244 32023 2003 3246 32034
2003\4\4.bmp
M 2003 3244 32023 2003 3236 31973
2003\13\3.bmp
M 2003 3244 32023 2003 3241 32008
2003\18\8.bmp
M 2003 3244 32023 2003 3238 31989
2003\15\6.bmp
M 2003 3244 32023 2003 3250 32058
2003\8\4.bmp
M 2003 3244 32023 2003 3237 31979
2003\14\1.bmp
M 2003 3244 32023 2003 3248 32047
2003\6\5.bmp
M 2003 3244 32023 2003 3245 32028
2003\3\4.bmp
M 2003 3244 32023 2003 3247 32040
2003\5\4.bmp
M 2003 3244 32023 2003 3240 32002
2003\17\8.bmp
M 2003 3244 32023 2003 3235 31971
2003\12\6.bmp
M 2003 3244 32023 2003 3249 32052
2003\7\4.bmp
M 2003 3244 32023 2003 3239 31992
2003\16\4.bmp
M 2003 3244 32023 2003 3242 32013
2003\19\6.bmp
M 2003 3244 32023 2003 3234 31962
2003\11\4.bmp
E 2003 3244 32025
2003\20\5.bmp
M 2003 3244 32025 2003 3244 32024
2003\20\4.bmp
M 2003 3244 32025 2003 3244 32026
2003\20\6.bmp
M 2003 3244 32025 2003 3244 32021
2003\20\1.bmp
E 2003 3244 32024
2003\20\4.bmp
M 2003 3244 32024 2003 3244 32026
2003\20\6.bmp
M 2003 3244 32024 2003 3244 32021
2003\20\1.bmp
E 2003 3244 32026
2003\20\6.bmp
M 2003 3244 32026 2003 3244 32021
2003\20\1.bmp
E 2003 3244 32021
2003\20\1.bmp
E 2003 3233 31957
2003\10\4.bmp
M 2003 3233 31957 2003 3233 31958
2003\10\5.bmp
M 2003 3233 31957 2003 3233 31955
2003\10\1.bmp
M 2003 3233 31957 2003 3233 31956
2003\10\3.bmp
M 2003 3233 31957 2003 3233 31959
2003\10\7.bmp
M 2003 3233 31957 2003 3246 32034
2003\4\4.bmp
M 2003 3233 31957 2003 3236 31973
2003\13\3.bmp
M 2003 3233 31957 2003 3241 32008
2003\18\8.bmp
M 2003 3233 31957 2003 3238 31989
2003\15\6.bmp
M 2003 3233 31957 2003 3250 32058
2003\8\4.bmp
M 2003 3233 31957 2003 3237 31979
2003\14\1.bmp
M 2003 3233 31957 2003 3248 32047
2003\6\5.bmp
M 2003 3233 31957 2003 3245 32028
2003\3\4.bmp
M 2003 3233 31957 2003 3247 32040
2003\5\4.bmp
M 2003 3233 31957 2003 3240 32002
2003\17\8.bmp
M 2003 3233 31957 2003 3235 31971
2003\12\6.bmp
M 2003 3233 31957 2003 3249 32052
2003\7\4.bmp
M 2003 3233 31957 2003 3239 31992
2003\16\4.bmp
M 2003 3233 31957 2003 3242 32013
2003\19\6.bmp
M 2003 3233 31957 2003 3234 31962
2003\11\4.bmp
E 2003 3233 31958
2003\10\5.bmp
M 2003 3233 31958 2003 3233 31955
2003\10\1.bmp
M 2003 3233 31958 2003 3233 31956
2003\10\3.bmp
M 2003 3233 31958 2003 3233 31959
2003\10\7.bmp
E 2003 3233 31955
2003\10\1.bmp
M 2003 3233 31955 2003 3233 31956
2003\10\3.bmp
M 2003 3233 31955 2003 3233 31959
2003\10\7.bmp
E 2003 3233 31956
2003\10\3.bmp
M 2003 3233 31956 2003 3233 31959
2003\10\7.bmp
E 2003 3233 31959
2003\10\7.bmp
E 2003 3246 32034
2003\4\4.bmp
M 2003 3246 32034 2003 3246 32038
2003\4\8.bmp
M 2003 3246 32034 2003 3246 32033
2003\4\3.bmp
M 2003 3246 32034 2003 3246 32036
2003\4\6.bmp
M 2003 3246 32034 2003 3246 32035
2003\4\5.bmp
M 2003 3246 32034 2003 3236 31973
2003\13\3.bmp
M 2003 3246 32034 2003 3241 32008
2003\18\8.bmp
M 2003 3246 32034 2003 3238 31989
2003\15\6.bmp
M 2003 3246 32034 2003 3250 32058
2003\8\4.bmp
M 2003 3246 32034 2003 3237 31979
2003\14\1.bmp
M 2003 3246 32034 2003 3248 32047
2003\6\5.bmp
M 2003 3246 32034 2003 3245 32028
2003\3\4.bmp
M 2003 3246 32034 2003 3247 32040
2003\5\4.bmp
M 2003 3246 32034 2003 3240 32002
2003\17\8.bmp
M 2003 3246 32034 2003 3235 31971
2003\12\6.bmp
M 2003 3246 32034 2003 3249 32052
2003\7\4.bmp
M 2003 3246 32034 2003 3239 31992
2003\16\4.bmp
M 2003 3246 32034 2003 3242 32013
2003\19\6.bmp
M 2003 3246 32034 2003 3234 31962
2003\11\4.bmp
E 2003 3246 32038
2003\4\8.bmp
M 2003 3246 32038 2003 3246 32033
2003\4\3.bmp
M 2003 3246 32038 2003 3246 32036
2003\4\6.bmp
M 2003 3246 32038 2003 3246 32035
2003\4\5.bmp
E 2003 3246 32033
2003\4\3.bmp
M 2003 3246 32033 2003 3246 32036
2003\4\6.bmp
M 2003 3246 32033 2003 3246 32035
2003\4\5.bmp
E 2003 3246 32036
2003\4\6.bmp
M 2003 3246 32036 2003 3246 32035
2003\4\5.bmp
E 2003 3246 32035
2003\4\5.bmp
E 2003 3236 31973
2003\13\3.bmp
M 2003 3236 31973 2003 3236 31974
2003\13\4.bmp
M 2003 3236 31973 2003 3236 31978
2003\13\8.bmp
M 2003 3236 31973 2003 3236 31975
2003\13\5.bmp
M 2003 3236 31973 2003 3236 31977
2003\13\7.bmp
M 2003 3236 31973 2003 3241 32008
2003\18\8.bmp
M 2003 3236 31973 2003 3238 31989
2003\15\6.bmp
M 2003 3236 31973 2003 3250 32058
2003\8\4.bmp
M 2003 3236 31973 2003 3237 31979
2003\14\1.bmp
M 2003 3236 31973 2003 3248 32047
2003\6\5.bmp
M 2003 3236 31973 2003 3245 32028
2003\3\4.bmp
M 2003 3236 31973 2003 3247 32040
2003\5\4.bmp
M 2003 3236 31973 2003 3240 32002
2003\17\8.bmp
M 2003 3236 31973 2003 3235 31971
2003\12\6.bmp
M 2003 3236 31973 2003 3249 32052
2003\7\4.bmp
M 2003 3236 31973 2003 3239 31992
2003\16\4.bmp
M 2003 3236 31973 2003 3242 32013
2003\19\6.bmp
M 2003 3236 31973 2003 3234 31962
2003\11\4.bmp
E 2003 3236 31974
2003\13\4.bmp
M 2003 3236 31974 2003 3236 31978
2003\13\8.bmp
M 2003 3236 31974 2003 3236 31975
2003\13\5.bmp
M 2003 3236 31974 2003 3236 31977
2003\13\7.bmp
E 2003 3236 31978
2003\13\8.bmp
M 2003 3236 31978 2003 3236 31975
2003\13\5.bmp
M 2003 3236 31978 2003 3236 31977
2003\13\7.bmp
E 2003 3236 31975
2003\13\5.bmp
M 2003 3236 31975 2003 3236 31977
2003\13\7.bmp
E 2003 3236 31977
2003\13\7.bmp
E 2003 3241 32008
2003\18\8.bmp
M 2003 3241 32008 2003 3241 32006
2003\18\5.bmp
M 2003 3241 32008 2003 3241 32003
2003\18\2.bmp
M 2003 3241 32008 2003 3241 32007
2003\18\6.bmp
M 2003 3241 32008 2003 3241 32005
2003\18\4.bmp
M 2003 3241 32008 2003 3238 31989
2003\15\6.bmp
M 2003 3241 32008 2003 3250 32058
2003\8\4.bmp
M 2003 3241 32008 2003 3237 31979
2003\14\1.bmp
M 2003 3241 32008 2003 3248 32047
2003\6\5.bmp
M 2003 3241 32008 2003 3245 32028
2003\3\4.bmp
M 2003 3241 32008 2003 3247 32040
2003\5\4.bmp
M 2003 3241 32008 2003 3240 32002
2003\17\8.bmp
M 2003 3241 32008 2003 3235 31971
2003\12\6.bmp
M 2003 3241 32008 2003 3249 32052
2003\7\4.bmp
M 2003 3241 32008 2003 3239 31992
2003\16\4.bmp
M 2003 3241 32008 2003 3242 32013
2003\19\6.bmp
M 2003 3241 32008 2003 3234 31962
2003\11\4.bmp
E 2003 3241 32006
2003\18\5.bmp
M 2003 3241 32006 2003 3241 32003
2003\18\2.bmp
M 2003 3241 32006 2003 3241 32007
2003\18\6.bmp
M 2003 3241 32006 2003 3241 32005
2003\18\4.bmp
E 2003 3241 32003
2003\18\2.bmp
M 2003 3241 32003 2003 3241 32007
2003\18\6.bmp
M 2003 3241 32003 2003 3241 32005
2003\18\4.bmp
E 2003 3241 32007
2003\18\6.bmp
M 2003 3241 32007 2003 3241 32005
2003\18\4.bmp
E 2003 3241 32005
2003\18\4.bmp
E 2003 3238 31989
2003\15\6.bmp
M 2003 3238 31989 2003 3238 31986
2003\15\2.bmp
M 2003 3238 31989 2003 3238 31987
2003\15\3.bmp
M 2003 3238 31989 2003 3238 31985
2003\15\1.bmp
M 2003 3238 31989 2003 3238 31990
2003\15\8.bmp
M 2003 3238 31989 2003 3250 32058
2003\8\4.bmp
M 2003 3238 31989 2003 3237 31979
2003\14\1.bmp
M 2003 3238 31989 2003 3248 32047
2003\6\5.bmp
M 2003 3238 31989 2003 3245 32028
2003\3\4.bmp
M 2003 3238 31989 2003 3247 32040
2003\5\4.bmp
M 2003 3238 31989 2003 3240 32002
2003\17\8.bmp
M 2003 3238 31989 2003 3235 31971
2003\12\6.bmp
M 2003 3238 31989 2003 3249 32052
2003\7\4.bmp
M 2003 3238 31989 2003 3239 31992
2003\16\4.bmp
M 2003 3238 31989 2003 3242 32013
2003\19\6.bmp
M 2003 3238 31989 2003 3234 31962
2003\11\4.bmp
E 2003 3238 31986
2003\15\2.bmp
M 2003 3238 31986 2003 3238 31987
2003\15\3.bmp
M 2003 3238 31986 2003 3238 31985
2003\15\1.bmp
M 2003 3238 31986 2003 3238 31990
2003\15\8.bmp
E 2003 3238 31987
2003\15\3.bmp
M 2003 3238 31987 2003 3238 31985
2003\15\1.bmp
M 2003 3238 31987 2003 3238 31990
2003\15\8.bmp
E 2003 3238 31985
2003\15\1.bmp
M 2003 3238 31985 2003 3238 31990
2003\15\8.bmp
E 2003 3238 31990
2003\15\8.bmp
E 2003 3250 32058
2003\8\4.bmp
M 2003 3250 32058 2003 3250 32062
2003\8\8.bmp
M 2003 3250 32058 2003 3250 32061
2003\8\7.bmp
M 2003 3250 32058 2003 3250 32057
2003\8\2.bmp
M 2003 3250 32058 2003 3250 32060
2003\8\6.bmp
M 2003 3250 32058 2003 3237 31979
2003\14\1.bmp
M 2003 3250 32058 2003 3248 32047
2003\6\5.bmp
M 2003 3250 32058 2003 3245 32028
2003\3\4.bmp
M 2003 3250 32058 2003 3247 32040
2003\5\4.bmp
M 2003 3250 32058 2003 3240 32002
2003\17\8.bmp
M 2003 3250 32058 2003 3235 31971
2003\12\6.bmp
M 2003 3250 32058 2003 3249 32052
2003\7\4.bmp
M 2003 3250 32058 2003 3239 31992
2003\16\4.bmp
M 2003 3250 32058 2003 3242 32013
2003\19\6.bmp
M 2003 3250 32058 2003 3234 31962
2003\11\4.bmp
E 2003 3250 32062
2003\8\8.bmp
M 2003 3250 32062 2003 3250 32061
2003\8\7.bmp
M 2003 3250 32062 2003 3250 32057
2003\8\2.bmp
M 2003 3250 32062 2003 3250 32060
2003\8\6.bmp
E 2003 3250 32061
2003\8\7.bmp
M 2003 3250 32061 2003 3250 32057
2003\8\2.bmp
M 2003 3250 32061 2003 3250 32060
2003\8\6.bmp
E 2003 3250 32057
2003\8\2.bmp
M 2003 3250 32057 2003 3250 32060
2003\8\6.bmp
E 2003 3250 32060
2003\8\6.bmp
E 2003 3237 31979
2003\14\1.bmp
M 2003 3237 31979 2003 3237 31983
2003\14\7.bmp
M 2003 3237 31979 2003 3237 31984
2003\14\8.bmp
M 2003 3237 31979 2003 3237 31981
2003\14\4.bmp
M 2003 3237 31979 2003 3237 31982
2003\14\5.bmp
M 2003 3237 31979 2003 3248 32047
2003\6\5.bmp
M 2003 3237 31979 2003 3245 32028
2003\3\4.bmp
M 2003 3237 31979 2003 3247 32040
2003\5\4.bmp
M 2003 3237 31979 2003 3240 32002
2003\17\8.bmp
M 2003 3237 31979 2003 3235 31971
2003\12\6.bmp
M 2003 3237 31979 2003 3249 32052
2003\7\4.bmp
M 2003 3237 31979 2003 3239 31992
2003\16\4.bmp
M 2003 3237 31979 2003 3242 32013
2003\19\6.bmp
M 2003 3237 31979 2003 3234 31962
2003\11\4.bmp
E 2003 3237 31983
2003\14\7.bmp
M 2003 3237 31983 2003 3237 31984
2003\14\8.bmp
M 2003 3237 31983 2003 3237 31981
2003\14\4.bmp
M 2003 3237 31983 2003 3237 31982
2003\14\5.bmp
E 2003 3237 31984
2003\14\8.bmp
M 2003 3237 31984 2003 3237 31981
2003\14\4.bmp
M 2003 3237 31984 2003 3237 31982
2003\14\5.bmp
E 2003 3237 31981
2003\14\4.bmp
M 2003 3237 31981 2003 3237 31982
2003\14\5.bmp
E 2003 3237 31982
2003\14\5.bmp
E 2003 3248 32047
2003\6\5.bmp
M 2003 3248 32047 2003 3248 32048
2003\6\6.bmp
M 2003 3248 32047 2003 3248 32045
2003\6\2.bmp
M 2003 3248 32047 2003 3248 32049
2003\6\7.bmp
M 2003 3248 32047 2003 3248 32050
2003\6\8.bmp
M 2003 3248 32047 2003 3245 32028
2003\3\4.bmp
M 2003 3248 32047 2003 3247 32040
2003\5\4.bmp
M 2003 3248 32047 2003 3240 32002
2003\17\8.bmp
M 2003 3248 32047 2003 3235 31971
2003\12\6.bmp
M 2003 3248 32047 2003 3249 32052
2003\7\4.bmp
M 2003 3248 32047 2003 3239 31992
2003\16\4.bmp
M 2003 3248 32047 2003 3242 32013
2003\19\6.bmp
M 2003 3248 32047 2003 3234 31962
2003\11\4.bmp
E 2003 3248 32048
2003\6\6.bmp
M 2003 3248 32048 2003 3248 32045
2003\6\2.bmp
M 2003 3248 32048 2003 3248 32049
2003\6\7.bmp
M 2003 3248 32048 2003 3248 32050
2003\6\8.bmp
E 2003 3248 32045
2003\6\2.bmp
M 2003 3248 32045 2003 3248 32049
2003\6\7.bmp
M 2003 3248 32045 2003 3248 32050
2003\6\8.bmp
E 2003 3248 32049
2003\6\7.bmp
M 2003 3248 32049 2003 3248 32050
2003\6\8.bmp
E 2003 3248 32050
2003\6\8.bmp
E 2003 3245 32028
2003\3\4.bmp
M 2003 3245 32028 2003 3245 32027
2003\3\2.bmp
M 2003 3245 32028 2003 3245 32029
2003\3\5.bmp
M 2003 3245 32028 2003 3245 32032
2003\3\8.bmp
M 2003 3245 32028 2003 3245 32031
2003\3\7.bmp
M 2003 3245 32028 2003 3247 32040
2003\5\4.bmp
M 2003 3245 32028 2003 3240 32002
2003\17\8.bmp
M 2003 3245 32028 2003 3235 31971
2003\12\6.bmp
M 2003 3245 32028 2003 3249 32052
2003\7\4.bmp
M 2003 3245 32028 2003 3239 31992
2003\16\4.bmp
M 2003 3245 32028 2003 3242 32013
2003\19\6.bmp
M 2003 3245 32028 2003 3234 31962
2003\11\4.bmp
E 2003 3245 32027
2003\3\2.bmp
M 2003 3245 32027 2003 3245 32029
2003\3\5.bmp
M 2003 3245 32027 2003 3245 32032
2003\3\8.bmp
M 2003 3245 32027 2003 3245 32031
2003\3\7.bmp
E 2003 3245 32029
2003\3\5.bmp
M 2003 3245 32029 2003 3245 32032
2003\3\8.bmp
M 2003 3245 32029 2003 3245 32031
2003\3\7.bmp
E 2003 3245 32032
2003\3\8.bmp
M 2003 3245 32032 2003 3245 32031
2003\3\7.bmp
E 2003 3245 32031
2003\3\7.bmp
E 2003 3247 32040
2003\5\4.bmp
M 2003 3247 32040 2003 3247 32041
2003\5\5.bmp
M 2003 3247 32040 2003 3247 32044
2003\5\8.bmp
M 2003 3247 32040 2003 3247 32043
2003\5\7.bmp
M 2003 3247 32040 2003 3247 32042
2003\5\6.bmp
M 2003 3247 32040 2003 3240 32002
2003\17\8.bmp
M 2003 3247 32040 2003 3235 31971
2003\12\6.bmp
M 2003 3247 32040 2003 3249 32052
2003\7\4.bmp
M 2003 3247 32040 2003 3239 31992
2003\16\4.bmp
M 2003 3247 32040 2003 3242 32013
2003\19\6.bmp
M 2003 3247 32040 2003 3234 31962
2003\11\4.bmp
E 2003 3247 32041
2003\5\5.bmp
M 2003 3247 32041 2003 3247 32044
2003\5\8.bmp
M 2003 3247 32041 2003 3247 32043
2003\5\7.bmp
M 2003 3247 32041 2003 3247 32042
2003\5\6.bmp
E 2003 3247 32044
2003\5\8.bmp
M 2003 3247 32044 2003 3247 32043
2003\5\7.bmp
M 2003 3247 32044 2003 3247 32042
2003\5\6.bmp
E 2003 3247 32043
2003\5\7.bmp
M 2003 3247 32043 2003 3247 32042
2003\5\6.bmp
E 2003 3247 32042
2003\5\6.bmp
E 2003 3240 32002
2003\17\8.bmp
M 2003 3240 32002 2003 3240 31998
2003\17\3.bmp
M 2003 3240 32002 2003 3240 31997
2003\17\1.bmp
M 2003 3240 32002 2003 3240 32000
2003\17\6.bmp
M 2003 3240 32002 2003 3240 32001
2003\17\7.bmp
M 2003 3240 32002 2003 3235 31971
2003\12\6.bmp
M 2003 3240 32002 2003 3249 32052
2003\7\4.bmp
M 2003 3240 32002 2003 3239 31992
2003\16\4.bmp
M 2003 3240 32002 2003 3242 32013
2003\19\6.bmp
M 2003 3240 32002 2003 3234 31962
2003\11\4.bmp
E 2003 3240 31998
2003\17\3.bmp
M 2003 3240 31998 2003 3240 31997
2003\17\1.bmp
M 2003 3240 31998 2003 3240 32000
2003\17\6.bmp
M 2003 3240 31998 2003 3240 32001
2003\17\7.bmp
E 2003 3240 31997
2003\17\1.bmp
M 2003 3240 31997 2003 3240 32000
2003\17\6.bmp
M 2003 3240 31997 2003 3240 32001
2003\17\7.bmp
E 2003 3240 32000
2003\17\6.bmp
M 2003 3240 32000 2003 3240 32001
2003\17\7.bmp
E 2003 3240 32001
2003\17\7.bmp
E 2003 3235 31971
2003\12\6.bmp
M 2003 3235 31971 2003 3235 31970
2003\12\5.bmp
M 2003 3235 31971 2003 3235 31968
2003\12\2.bmp
M 2003 3235 31971 2003 3235 31972
2003\12\8.bmp
M 2003 3235 31971 2003 3235 31969
2003\12\3.bmp
M 2003 3235 31971 2003 3249 32052
2003\7\4.bmp
M 2003 3235 31971 2003 3239 31992
2003\16\4.bmp
M 2003 3235 31971 2003 3242 32013
2003\19\6.bmp
M 2003 3235 31971 2003 3234 31962
2003\11\4.bmp
E 2003 3235 31970
2003\12\5.bmp
M 2003 3235 31970 2003 3235 31968
2003\12\2.bmp
M 2003 3235 31970 2003 3235 31972
2003\12\8.bmp
M 2003 3235 31970 2003 3235 31969
2003\12\3.bmp
E 2003 3235 31968
2003\12\2.bmp
M 2003 3235 31968 2003 3235 31972
2003\12\8.bmp
M 2003 3235 31968 2003 3235 31969
2003\12\3.bmp
E 2003 3235 31972
2003\12\8.bmp
M 2003 3235 31972 2003 3235 31969
2003\12\3.bmp
E 2003 3235 31969
2003\12\3.bmp
E 2003 3249 32052
2003\7\4.bmp
M 2003 3249 32052 2003 3249 32055
2003\7\7.bmp
M 2003 3249 32052 2003 3249 32053
2003\7\5.bmp
M 2003 3249 32052 2003 3249 32056
2003\7\8.bmp
M 2003 3249 32052 2003 3249 32051
2003\7\1.bmp
M 2003 3249 32052 2003 3239 31992
2003\16\4.bmp
M 2003 3249 32052 2003 3242 32013
2003\19\6.bmp
M 2003 3249 32052 2003 3234 31962
2003\11\4.bmp
E 2003 3249 32055
2003\7\7.bmp
M 2003 3249 32055 2003 3249 32053
2003\7\5.bmp
M 2003 3249 32055 2003 3249 32056
2003\7\8.bmp
M 2003 3249 32055 2003 3249 32051
2003\7\1.bmp
E 2003 3249 32053
2003\7\5.bmp
M 2003 3249 32053 2003 3249 32056
2003\7\8.bmp
M 2003 3249 32053 2003 3249 32051
2003\7\1.bmp
E 2003 3249 32056
2003\7\8.bmp
M 2003 3249 32056 2003 3249 32051
2003\7\1.bmp
E 2003 3249 32051
2003\7\1.bmp
E 2003 3239 31992
2003\16\4.bmp
M 2003 3239 31992 2003 3239 31991
2003\16\3.bmp
M 2003 3239 31992 2003 3239 31996
2003\16\8.bmp
M 2003 3239 31992 2003 3239 31995
2003\16\7.bmp
M 2003 3239 31992 2003 3239 31994
2003\16\6.bmp
M 2003 3239 31992 2003 3242 32013
2003\19\6.bmp
M 2003 3239 31992 2003 3234 31962
2003\11\4.bmp
E 2003 3239 31991
2003\16\3.bmp
M 2003 3239 31991 2003 3239 31996
2003\16\8.bmp
M 2003 3239 31991 2003 3239 31995
2003\16\7.bmp
M 2003 3239 31991 2003 3239 31994
2003\16\6.bmp
E 2003 3239 31996
2003\16\8.bmp
M 2003 3239 31996 2003 3239 31995
2003\16\7.bmp
M 2003 3239 31996 2003 3239 31994
2003\16\6.bmp
E 2003 3239 31995
2003\16\7.bmp
M 2003 3239 31995 2003 3239 31994
2003\16\6.bmp
E 2003 3239 31994
2003\16\6.bmp
E 2003 3242 32013
2003\19\6.bmp
M 2003 3242 32013 2003 3242 32014
2003\19\8.bmp
M 2003 3242 32013 2003 3242 32010
2003\19\3.bmp
M 2003 3242 32013 2003 3242 32012
2003\19\5.bmp
M 2003 3242 32013 2003 3242 32011
2003\19\4.bmp
M 2003 3242 32013 2003 3234 31962
2003\11\4.bmp
E 2003 3242 32014
2003\19\8.bmp
M 2003 3242 32014 2003 3242 32010
2003\19\3.bmp
M 2003 3242 32014 2003 3242 32012
2003\19\5.bmp
M 2003 3242 32014 2003 3242 32011
2003\19\4.bmp
E 2003 3242 32010
2003\19\3.bmp
M 2003 3242 32010 2003 3242 32012
2003\19\5.bmp
M 2003 3242 32010 2003 3242 32011
2003\19\4.bmp
E 2003 3242 32012
2003\19\5.bmp
M 2003 3242 32012 2003 3242 32011
2003\19\4.bmp
E 2003 3242 32011
2003\19\4.bmp
E 2003 3234 31962
2003\11\4.bmp
M 2003 3234 31962 2003 3234 31961
2003\11\3.bmp
M 2003 3234 31962 2003 3234 31966
2003\11\8.bmp
M 2003 3234 31962 2003 3234 31963
2003\11\5.bmp
M 2003 3234 31962 2003 3234 31964
2003\11\6.bmp
E 2003 3234 31961
2003\11\3.bmp
M 2003 3234 31961 2003 3234 31966
2003\11\8.bmp
M 2003 3234 31961 2003 3234 31963
2003\11\5.bmp
M 2003 3234 31961 2003 3234 31964
2003\11\6.bmp
E 2003 3234 31966
2003\11\8.bmp
M 2003 3234 31966 2003 3234 31963
2003\11\5.bmp
M 2003 3234 31966 2003 3234 31964
2003\11\6.bmp
E 2003 3234 31963
2003\11\5.bmp
M 2003 3234 31963 2003 3234 31964
2003\11\6.bmp
E 2003 3234 31964
2003\11\6.bmp
