1010307425
1010305134
1010306134
1010108132
1010306137
1010301531
1010303110
1010303122
1010303126
1010305102
1010305103
1010306224
1010306226
1010307125
1010307223
1010307327
1010307328
1010120131
1010301306
1010301511
1010303104
1010303133
1010303139
1010303140
1010306132
1010306207
1010306232
1010307230
1010307325
1010301506
1010307130
1010307201
1010307202
1010307203
1010307204
1010307205
1010307206
1010307207
1010108133
1010306143
1010306144
1010307208
1010307211
1010307212
1010307213
1010307214
1010307215
1010307216
1010307217
1010307220
1010307312
1010307321
1010307408
1010307412
1010307416
1010307419
1010307420
1010307423
1010307424
1010307429
1010301416
1010301419
1010120129
1010301104
1010306212
1010306213
1010306214
1010306215
1010301134
1010301518
1010305154
1010306216
1010306223
1010306228
1010305158
1010306120
1010306125
1010306128
1010306230
1010306235
1010306237
1010306136
1010307306
1010307309
1010307413
1010306238
1010306240
1010307102
1010307103
1010307105
1010307106
1010307107
1010307114
1010307120
1010307227
1010307301
1010307315
1010307317
1010307320
1010307415
1010306109
1010306110
1010306113
1010306114
1010306115
1010306116
1010306117
1010306118
1010306119
1010306121
1010306126
1010306127
1010306129
1010306133
1010306135
1010306138
1010306141
1010306203
1010306204
1010306205
1010306222
1010306227
1010306233
1010306241
1010307104
1010307108
1010307109
1010307111
1010307116
1010307121
1010307128
1010307129
1010305101
1010305148
1010305162
1010306106
1010301501
1010108118
1010301307
1010301318
1010301402
1010301408
1010306242
1010306243
1010307124
1010301512
1010301538
1010303116
1010303129
1010301117
1010301411
1010303128
1010303136
1010301424
1010301432
1010301435
1010301437
1010307318
1010306107
1010306124
1010306210
1010307329
1010301517
1010301520
1010303107
1010305127
1010307330
1010305129
1010305131
1010305135
1010305138
1010305149
1010305153
1010305170
1010306105
1010301403
1010301404
1010301423
1010306111
1010306130
1010306202
1010306209
1010307229
1010307430
1010306225
1010306231
1010307209
1010307222
1010307224
1010307322
1010307324
1010307405
00948341
1010108114
1010120133
1010307122
1010307123
1010307219
1010305123
1010301136
1010301425
1010301434
1010301533
1010305109
1010305110
1010305112
1010305164
1010301102
1010301219
1010307112
1010307411
1010301513
1010301516
1010301529
1010305140
1010306102
1010301421
1010301422
1010301428
1010301430
1010306140
1010306201
1010306219
1010301431
1010301436
1010301502
1010301507
1010108111
1010108134
1010120106
1010301537
1010301540
1010303101
1010303102
1010120110
1010305117
1010305121
1010307404
1010303103
1010303105
1010303111
1010303112
1010305139
1010306229
1010307310
1010305105
1010305107
1010305113
1010305118
1010305124
1010305125
1010305126
1010305130
1010305136
1010305142
1010305143
1010305145
1010305159
1010305161
1010306101
1010306108
1010306244
1010108113
1010301106
1010301440
1010301131
1010301140
1010301305
1010301309
1010305168
1010307308
1010307426
1010108101
1010108107
1010108108
1010108112
1010108115
1010108116
1010307126
1010307402
1010108121
1010108122
1010108123
1010108124
1010108125
1010108126
1010108130
1010108131
1010108135
1010108136
1010120111
1010120122
1010307410
1010307422
1010306239
1010301417
1010307118
1010307119
1010108117
1010108128
1010108139
1010108142
1010301110
1010301122
1010301139
1010301207
1010108104
1010108106
1010108119
1010108127
1010108129
1010120113
1010120123
1010120125
1010120127
1010120137
1010301101
1010301108
1010301113
1010301116
1010301118
1010301119
1010301120
1010301132
1010301216
1010301410
1010120128
1010301111
1010301112
1010301114
1010301115
1010301127
1010301128
1010301138
1010301208
1010301209
1010301213
1010301214
1010301218
1010301220
1010301303
1010301304
1010301310
1010301311
1010301313
1010301315
1010301317
1010301319
1010301401
1010301406
1010301407
1010301409
1010301413
1010301418
1010305122
1010305133
1010305152
1010305128
1010108120
1010108137
1010120138
1010108109
1010301109
1010301135
1010301141
1010301312
1010301314
1010301505
1010301536
1010301308
1010301414
1010301426
1010301526
1010303134
1010305106
1010305116
1010305120
1010301527
1010305137
1010306236
1010307110
1010305141
1010305156
1010306220
1010307210
1010307127
1010307307
1010307218
1010307225
1010307228
1010307418
1010307421
1010108102
1010108138
1010108140
1010120112
1010120116
1010301130
1010301205
1010301201
1010301203
1010301204
1010301206
1010301535
1010301210
1010301212
1010301519
1010301528
1010301539
1010303130
1010301126
1010301415
1010303124
1010307101
1010307326
1010301429
1010301438
1010301504
1010301509
1010301515
1010301523
1010301534
1010303106
1010303113
1010303119
1010303123
1010303135
1010305104
1010305108
1010305111
1010305114
1010305119
1010305144
1010305146
1010305147
1010305151
1010305155
1010305160
1010305163
1010305169
1010306112
1010306122
1010306131
1010306139
1010306145
1010306211
